# Cleaned mesh
2560 0
# Vertices
0.151643 -0.0370089 -0.0161427
-0.0730112 -0.196846 0.19457
-0.114025 -0.134144 0.148329
0.142705 -0.0415728 -0.168244
-0.1682 -0.0856068 -0.182161
0.0825011 0.0366476 0.124079
-0.0813946 0.0240387 0.159274
-0.0465337 0.0789576 0.149072
0.0135555 -0.130532 0.0525265
0.112465 -0.0514761 -0.175534
0.059156 -0.0340147 0.0192785
0.196883 -0.143527 0.0583538
0.0352389 -0.0690882 -0.158875
-0.0810623 0.0407853 0.0209301
0.0813282 -0.148366 0.0166295
0.0185965 0.0718538 0.0557763
0.0404716 -0.0365752 0.0801972
-0.0121075 0.0505673 -0.145189
-0.149214 0.10023 0.164387
0.0971071 -0.0195691 0.0612517
0.09233 -0.12383 -0.130446
0.155407 -0.114967 -0.0726
0.0938199 -0.0619546 0.00848763
-0.0477515 0.0558027 -0.112224
0.0971413 -0.0694367 0.154652
0.045944 0.185428 0.00108317
0.105893 0.198411 0.123902
-0.0493532 -0.135391 0.0418195
-0.0863834 0.10117 0.169554
-0.0242638 0.0284299 -0.0156484
0.168378 0.160636 0.132773
0.109044 0.145405 0.0848113
-0.15901 0.195206 -0.0997062
-0.00726883 0.0224882 0.116647
-0.129023 -0.159016 -0.111042
0.129119 -0.0512942 -0.00012663
-0.141539 -0.067923 -0.157318
0.00623219 -0.0148953 -0.169997
-0.166496 0.0870776 0.195671
0.154578 -0.0775285 -0.0744121
-0.0616396 -0.147428 -0.00714365
0.181251 -0.105898 -0.122175
0.167537 -0.0844472 0.160851
-0.00275774 0.0289097 0.111102
0.0524196 0.101791 0.114215
-0.105867 -0.155264 -0.0543047
-0.000198066 -0.0463052 0.151541
0.00236864 -0.0197458 -0.185407
-0.179006 -0.0814672 0.0371799
-0.0671963 -0.129885 0.0926283
-0.108637 -0.199997 0.194106
0.0885931 0.145726 -0.139217
0.0395117 0.182069 0.136572
0.0687242 0.0824508 -0.19101
-0.136563 0.12472 0.0661033
0.0963391 -0.0827858 -0.105166
0.0492595 -0.0897469 0.021596
0.0663843 -0.110908 0.0586021
-0.143598 -0.192445 0.0513601
0.148342 0.182937 -0.082371
-0.0186742 0.150979 0.00760868
0.145235 -0.0318004 0.170276
-0.0739038 -0.197362 0.092532
-0.115587 0.134586 -0.0713151
0.169118 -0.157974 0.0122703
0.00560884 -0.0901659 0.194753
0.1263 0.193228 -0.119614
0.161655 -0.157147 0.124227
-0.013647 -0.0944258 -0.105445
-0.160648 -0.0706314 0.0782116
0.112069 -0.135132 0.0129441
0.00758426 -0.0106099 0.113618
-0.144492 0.159951 0.0799545
0.110694 -0.120342 0.147052
0.113372 0.042596 0.0491714
-0.055842 0.0716487 -0.135025
-0.0443819 -0.182366 -0.174028
0.105693 -0.179479 0.104004
-0.123948 -0.0275935 -0.114443
0.14302 0.0790413 0.0838353
-0.18054 -0.0135836 0.186257
-0.111619 0.195713 -0.123408
-0.00645588 -0.0817852 0.0547344
0.0826218 0.0683006 0.135665
-0.0184969 0.109077 -0.0569087
0.0886483 0.198763 -0.133326
0.0870097 -0.1219 0.15492
-0.00237013 -0.0894706 0.105123
-0.00684546 -0.182956 0.0900351
-0.0158049 -0.013963 -0.149025
0.103718 0.0888694 0.133295
0.0331529 -0.126334 -0.105876
-0.168177 -0.124264 0.159231
-0.12984 0.105974 -0.170165
-0.0829414 -0.192123 0.00812033
-0.0175682 -0.144492 0.18533
-0.0847216 0.17214 -0.000581384
-0.150086 -0.113666 0.142188
0.0856036 -0.0273587 -0.0333109
-0.042729 -0.0553748 0.0456933
-0.110995 0.0393524 0.00998893
0.198943 -0.185636 -0.054792
0.110059 0.00136919 -0.175343
0.0595747 -0.195572 0.13652
-0.0580612 -0.0740038 -0.0395414
0.166111 -0.109563 0.0743976
0.145822 0.073178 0.14428
0.158178 -0.139731 -0.0514988
0.120845 0.0346754 -0.184985
-0.0343085 -0.181686 0.0222016
0.17129 0.196864 0.0510457
0.139846 0.0184118 0.0140258
0.107007 0.19609 -0.051769
-0.187974 -0.169442 0.0395129
0.150389 0.0572381 -0.0500549
-0.0505471 0.0154639 -0.0231939
-0.0868586 0.160311 0.0393645
0.138051 -0.0625991 -0.140738
-0.158735 0.118721 -0.127584
-0.00596862 -0.0806839 0.0847143
0.0223592 -0.0693778 -0.0552276
0.142937 0.0655002 0.171059
-0.0887378 0.0542501 -0.0579694
-0.0968316 0.196165 -0.0453455
0.123348 -0.109084 -0.0253654
-0.100057 0.0631565 -0.0863482
-0.113662 0.149682 0.111545
0.161417 0.0565102 0.0484767
-0.115013 0.146844 -0.0733046
0.190861 0.196935 -0.193985
-0.167857 -0.190968 -0.0487355
-0.0644349 0.178686 0.0545591
0.117212 0.0645175 0.053656
-0.0840932 -0.0214694 0.112506
0.155876 -0.11573 -0.148014
-0.0609163 0.0853675 -0.15635
-0.153156 0.024741 0.181123
0.125044 -0.0909617 0.0482226
0.168122 0.158034 -0.115336
0.125242 -0.192554 0.029425
-0.161049 -0.0676871 0.0660381
0.146368 -0.0988178 0.0460095
0.0915243 -0.10809 0.130199
0.183213 0.0745639 0.146988
-0.00939687 -0.150733 0.0840668
0.0115031 -0.0481146 0.0827146
-0.17873 0.195102 -0.1602
-0.0849579 0.172701 0.177387
0.143267 -0.0493243 0.144413
-0.0976515 -0.177745 -0.0822675
0.0731423 -0.138485 -0.0615064
0.0115271 -0.0863347 -0.102913
0.0841899 0.134878 -0.013445
-0.128455 -0.032108 -0.0992367
0.116395 -0.0436425 0.163068
-0.0535388 0.164787 0.0763223
-0.139429 -0.0749779 -0.172869
-0.000132173 -0.0982976 0.194666
0.13114 0.0207541 -0.1712
-0.0382504 0.0552395 0.0193146
0.0524095 0.00262742 0.0525149
0.0307363 0.168153 0.118376
0.10318 0.113391 -0.118116
-0.0536266 -0.158266 0.0100397
-0.146722 0.056365 0.0121671
0.0129039 0.0143774 -0.152428
0.078114 -0.0224242 0.100174
-0.0180696 -0.159694 0.0195796
0.0372343 0.0422162 0.0025883
0.143607 -0.0722326 -0.139086
0.0116803 -0.171437 0.00677106
0.0571478 0.0849886 0.043671
-0.0706101 -0.0309529 0.0036445
-0.0943894 0.194396 0.0145812
0.14121 0.00143127 -0.0194298
0.0893939 0.107275 0.141364
-0.0491708 0.170703 -0.180222
0.170744 0.198484 0.0637393
-0.0961632 0.0943082 -0.116078
0.0115796 -0.103165 -0.0895849
-0.143302 0.167834 0.0217423
0.0478772 -0.0987608 -0.143809
0.0441678 -0.132799 -0.0252856
-0.0980517 -0.144785 -0.0324694
-0.0206022 0.139985 0.00332478
-0.112777 0.105822 0.00561635
0.0687881 0.0911798 -0.0992125
-0.0982316 -0.0745682 0.0513922
-0.143284 -0.0478855 0.152632
-0.145738 0.018435 0.0090733
0.183351 -0.152255 -0.188983
0.0138848 -0.00332174 -0.0655958
0.0974394 -0.0525945 -0.192024
-0.127943 -0.150913 0.0425062
-0.102258 -0.0570694 -0.0406298
-0.0793094 0.0164715 0.0588272
0.146555 0.0812669 -0.0732755
0.0719923 -0.00685759 -0.00697836
0.119474 -0.0450056 -0.137484
0.162901 0.147284 -0.148649
0.152331 -0.0178888 -0.0116887
0.143634 0.0880114 0.0389361
0.199061 -0.127397 0.0631322
-0.0825703 0.106838 0.100962
0.0628545 -0.030577 -0.0809402
-0.138285 -0.100689 -0.152966
-0.123111 0.0547235 0.0689824
-0.190609 0.0392354 -0.0766248
0.183557 0.0301732 -0.15866
-0.161566 -0.158943 -0.125143
-0.0969341 0.187797 -0.199131
-0.190721 0.110744 -0.106975
-0.0361963 0.0245377 -0.0034688
-0.0865633 0.169568 0.0379397
0.135551 0.0598981 0.114128
0.0132303 -0.0180016 0.125509
-0.153031 -0.093167 0.17217
-0.0980748 0.188794 0.180276
0.0459603 0.00591278 0.138688
0.0530394 0.0450205 0.071348
-0.197367 -0.130701 -0.0400063
-0.182604 -0.010209 -0.176171
0.0866451 -0.0214365 0.0352099
-0.193167 -0.0942062 0.0921201
-0.160014 0.167021 -0.0775016
-0.1582 0.0667615 -0.172753
0.127113 -0.11568 -0.148682
0.0914103 0.186796 -0.0934035
0.117683 0.0601675 0.118143
-0.106894 0.154588 -0.137513
-0.134092 -0.189365 -0.171537
-0.11112 -0.0153584 -0.036086
0.03673 0.113255 -0.000605732
-0.145254 0.118115 0.0984956
-0.0394499 -0.0730385 -0.0275683
0.159055 0.0434417 0.0182501
0.15298 0.0685612 -0.17944
0.00722384 -0.158981 -0.10678
-0.00394529 0.107084 -0.198387
0.176664 0.143423 0.129435
0.183923 0.0040358 -0.160072
0.152093 -0.0747296 -0.106242
-0.0360489 0.0793425 -0.113899
-0.0458544 0.126032 -0.0208372
-0.166174 -0.0623336 -0.0243698
0.0611552 0.0117229 -0.146345
-0.161642 -0.109178 -0.11169
0.0318072 -0.191761 0.0824421
-0.133809 -0.0803854 0.166142
0.189362 -0.138218 -0.110014
-0.120374 -0.192577 -0.108934
0.037327 -0.0509213 -0.0910455
-0.106731 -0.112489 -0.0533755
-0.0323173 0.0477865 -0.0546433
-0.194364 0.185803 -0.084322
-0.0918022 -0.119544 -0.185044
3.01545 -0.0732035 -0.15094
3.11531 -0.0442892 -0.0921191
3.11641 -0.137277 -0.0493112
3.06766 0.112364 -0.0619552
3.16128 -0.0933941 0.0626978
2.83379 0.170808 -0.00247668
2.85302 -0.0161687 0.0334876
3.10387 0.0725724 -0.0603834
2.98163 -0.114068 -0.0570214
2.92473 0.0294646 0.178379
2.99537 -0.0946322 0.0660576
2.83688 0.127995 0.146397
3.00858 -0.102968 0.0338441
3.08625 0.13981 0.182684
2.80831 0.127772 0.118851
3.12216 0.00342505 -0.18558
3.0012 0.051433 -0.117786
2.87317 -0.197101 -0.161146
3.00524 -0.194781 0.184607
3.0632 -0.0403999 -0.0446483
3.05076 -0.190441 -0.0734385
3.19321 0.0531696 0.140815
2.88124 -0.0642952 -0.129978
3.05137 0.173578 -0.0267576
3.0869 -0.187025 -0.091438
3.09554 -0.0716037 -0.0622846
3.03233 -0.0662063 0.121909
2.90344 -0.173362 0.165885
2.85083 0.175102 -0.0197776
2.80931 0.0619735 0.17603
3.05494 -0.156494 -0.0979006
2.92006 0.0328521 -0.0239652
3.14279 0.0931852 0.0818628
3.11448 -0.0445902 0.116014
2.93115 0.0715094 -0.126241
3.15855 0.134177 0.184799
2.88434 -0.160281 0.167645
2.80071 0.0404393 0.0160827
2.88269 0.0984506 -0.141128
2.99309 0.01689 0.0906052
2.9865 0.0848321 -0.0448495
3.10918 -0.158859 0.170645
2.88704 0.194012 0.183326
2.90588 -0.0166073 0.178644
3.05708 -0.131299 -0.172907
2.83998 -0.0399744 0.144406
2.84815 0.0458703 0.153082
2.99184 -0.185781 -0.107682
3.19524 0.0429714 -0.0756921
3.15602 0.0533264 0.0535435
3.17382 0.190414 0.0525497
3.0583 0.00866242 -0.194555
3.17071 -0.197375 -0.0461695
2.983 0.0537152 -0.0114344
3.12401 -0.199854 0.0848214
3.15313 -0.0680571 0.153603
2.90888 -0.098233 0.141284
2.86441 0.141414 -0.00549321
2.85285 -0.0166081 -0.196957
3.05825 -0.136652 0.0517101
2.91426 0.100618 -0.199938
3.12147 0.12468 0.00878349
3.04441 0.0372599 -0.0173895
2.93506 0.175512 0.113791
3.12436 0.00433023 0.0415286
3.15584 0.161054 0.00822501
3.02501 -0.173053 0.129993
3.04009 0.0900159 0.106754
2.9624 -0.121893 -0.194253
2.99555 0.142426 -0.0593256
3.1357 -0.159355 -0.0261196
3.17513 0.00880942 0.104845
3.10885 -0.0387998 0.0950411
3.07518 0.0622467 -0.00446069
3.05432 -0.0418232 -0.139937
3.16027 0.123029 -0.0072123
2.81783 0.00713715 0.0170479
2.8186 0.0208926 0.181865
3.00013 0.0965693 -0.142935
3.01663 0.0155149 0.0160377
3.06597 0.0515088 0.0462198
3.19128 0.0263683 -0.176193
2.80823 -0.060656 0.150754
2.87387 -0.149856 0.0789708
2.9784 0.00674465 -0.0759946
3.07071 0.135309 -0.0108759
2.98325 -0.198871 0.086533
2.86907 -0.144405 -0.195123
3.16406 0.0663383 -0.0130928
2.97656 0.0128444 0.134047
2.83523 -0.0835558 -0.0458192
2.94336 0.0317207 0.148832
2.86238 -0.168763 -0.0350701
2.95794 0.144234 0.133649
2.88414 -0.0924908 -0.0876005
3.03768 -0.15997 0.0759103
2.81024 0.115873 0.13834
3.13118 -0.0694849 0.0213384
3.14945 -0.109137 -0.195273
2.85234 0.0984296 0.0319805
2.80089 0.0401309 -0.0991566
3.07935 -0.173278 0.141806
3.00737 -0.0497935 -0.142827
2.81455 0.0194091 0.165958
3.05307 0.185146 0.0406279
3.01227 -0.0433662 0.169176
3.11102 0.19841 -0.150251
3.1194 0.00879821 -0.0438422
3.05403 -0.143983 -0.148838
3.08997 -0.108125 0.0392672
2.85089 -0.0392324 0.0823936
3.04174 0.112749 -0.0398611
2.84527 0.160978 0.0117906
3.18532 0.00750008 -0.0888606
2.94586 -0.179609 0.11647
2.90561 0.00472224 -0.0171737
3.14047 -0.14034 -0.138303
2.83918 0.00703354 -0.184298
2.90347 -0.0312159 -0.10688
3.17662 -0.0947429 0.130923
2.97525 0.0740575 -0.00404646
3.12349 0.181182 0.114583
3.02068 -0.081379 0.0297053
2.80098 -0.0162342 0.108406
3.11936 -0.154599 -0.174144
3.0919 0.0685037 -0.0679481
3.18522 0.0174191 -0.176665
3.13667 -0.182943 0.133401
3.13878 0.13788 -0.0347323
2.95265 0.0431812 0.109188
3.19096 0.0794915 0.155267
3.14831 0.0331424 0.0705229
2.87495 0.0332789 0.133475
2.89077 -0.0177396 -0.161814
2.81478 -0.0841892 0.0331311
2.96393 0.0267421 0.197837
2.87147 0.123485 0.121036
2.8186 0.126228 -0.0291829
2.9935 0.138622 0.0745844
3.02036 -0.0871141 0.0867207
2.83829 -0.152689 0.0126811
3.13758 -0.123185 0.173022
3.07134 0.138613 0.0412896
3.12965 0.00499272 -0.180894
3.14204 0.0747401 -0.105438
2.93582 0.0855892 0.199075
2.93975 -0.136515 0.00799021
3.09558 0.0858253 0.119249
3.08762 -0.0179801 0.135488
3.01509 0.0738028 0.0158881
2.92519 -0.0701259 -0.0949276
2.98837 -0.0840191 0.00917828
3.16066 0.193223 0.0964916
2.81763 -0.136285 0.191378
2.85574 -0.0798248 -0.142374
2.94489 -0.147877 0.000725791
3.03213 -0.0560666 -0.115221
3.00033 0.0107674 -0.186751
3.04948 -0.000106961 -0.0981822
2.99727 -0.0745179 -0.106163
3.19332 0.0227557 0.114831
3.07665 -0.0891976 0.0558768
2.9259 0.130573 0.0335587
2.8155 0.0590086 0.132991
2.88991 0.188927 -0.093206
3.1098 -0.05776 0.145465
3.09177 -0.103305 0.0292865
3.10475 -0.0240841 0.153885
3.07802 -0.182577 0.0599855
2.90182 -0.0620086 0.0231816
2.8576 -0.185166 -0.0233094
2.91959 -0.122118 0.0420806
3.01231 0.177057 0.0979038
3.04094 -0.172301 0.190493
3.1064 0.161399 0.0449443
2.98699 0.144027 -0.170408
3.17057 -0.166329 -0.122801
3.16357 -0.111537 -0.0290742
3.00657 -0.15956 0.18797
2.83922 -0.0359118 0.151086
3.18016 0.141507 0.142249
2.80445 0.0761763 0.0302503
2.95225 -0.0331553 0.159199
3.0666 -0.17573 0.173195
2.91832 -0.166255 -0.197294
2.89332 0.0892573 -0.141471
2.94535 0.0546476 -0.0872009
3.05326 -0.133866 0.048689
2.83214 0.013509 -0.025323
2.82227 -0.0782901 0.163639
3.01925 0.125396 0.0880784
3.19963 0.10062 -0.0136662
3.05413 -0.0615804 -0.175627
3.05431 -0.00854458 0.0306858
2.87782 -0.0392538 -0.154455
3.18778 -0.127298 0.0763758
2.97736 0.136961 0.103008
2.96103 -0.0902255 0.184695
2.87734 0.0569151 -0.115729
3.1198 -0.0661087 0.00831226
2.9375 -0.0865836 -0.11716
2.94122 0.0544166 0.10576
3.10718 -0.0995383 -0.162312
2.8589 -0.0393759 0.180602
2.85235 0.100929 0.0262449
2.98245 0.115649 -0.166292
2.85216 0.0208699 0.0496357
2.8106 0.0880906 0.168436
2.93774 0.102239 0.0286907
3.11623 -0.188887 -0.0263345
2.89395 -0.193084 -0.123693
2.91808 -0.104517 -0.0771126
3.00951 -0.0719842 -0.107331
3.09993 0.0366523 0.080683
2.88156 0.089484 -0.174839
2.91521 0.103281 0.12445
3.16184 -0.00227414 -0.0288136
2.96208 -0.0146701 -0.183162
2.8475 -0.022794 0.0357913
3.07733 -0.147091 0.119663
2.90502 0.0298395 0.0801125
3.00711 -0.0100567 -0.0395551
3.16143 -0.0568118 0.160842
3.00374 -0.0340968 -0.0536977
3.1048 -0.164892 -0.122274
3.19587 -0.138699 0.0746417
3.05179 0.103581 0.0848007
2.80983 0.0423032 -0.0749422
2.95294 0.150779 0.0447748
3.05057 0.143712 -0.0996141
3.17387 -0.000754282 -0.12271
2.82372 0.00149615 -0.190337
3.13339 -0.129486 -0.0356732
3.10707 0.158985 -0.13174
3.01408 0.160752 -0.161246
3.04017 -0.153999 -0.181996
3.11746 -0.025668 0.165392
3.01912 -0.00620477 -0.176207
2.98806 -0.122128 -0.0997681
3.15824 -0.08665 -0.0936191
3.18085 0.0520773 0.1279
2.87224 -0.0136211 0.14421
2.83859 -0.168084 0.19043
2.82092 -0.0787327 -0.0744821
3.09395 0.00788733 0.191652
2.98587 -0.0786626 0.186487
2.9977 -0.146408 -0.0452756
2.85325 0.0764038 0.0877695
3.02857 -0.0761549 -0.0358487
2.92877 -0.118164 -0.13147
2.85111 0.1399 0.0112498
2.88652 0.120868 0.000921994
3.10094 0.154612 0.150442
3.1266 0.163217 0.168651
2.97717 0.109752 -0.034688
2.82182 0.127708 0.192024
5.8939 -0.040828 0.177179
6.02541 0.0172 0.166773
5.95532 0.177115 0.182253
5.86579 0.0950339 -0.118478
6.15229 -0.0394892 0.0961383
5.9886 0.181706 0.19477
6.02014 -0.139477 -0.156569
5.96623 0.0708853 0.157882
5.97628 0.0717007 -0.0530462
6.00139 0.096553 -0.0514524
6.06582 0.132622 0.0145812
5.89082 0.0245075 0.0231199
5.87363 0.131224 -0.0300249
5.98834 0.0468871 0.164806
6.04557 -0.0721123 0.0575459
5.90222 -0.0407845 -0.122009
5.91466 0.0935972 0.0619649
6.14164 -0.0272461 0.0828959
5.99917 0.0496856 0.100221
6.14141 0.0319174 -0.191518
5.931 -0.061041 0.16117
5.97585 0.150852 0.12771
5.96804 0.162079 0.11304
5.97676 -0.146398 0.103025
5.94376 0.00732467 0.161617
6.09147 -0.110541 -0.167753
6.06541 0.0758925 0.0122749
5.8727 0.0526645 -0.169918
5.80612 -0.17517 -0.0964814
6.18309 0.198392 -0.121623
6.01284 -0.19956 -0.134284
5.89659 -0.107738 0.13745
6.13532 0.151887 0.054627
6.03207 0.167405 -0.133232
6.15846 -0.0567721 0.0266428
5.94046 -0.0600595 -0.100917
5.98512 -0.00586779 0.197054
6.07306 0.0331804 -0.177702
5.97607 -0.0448868 0.126954
5.93746 -0.00634071 -0.0914327
6.0955 -0.102648 -0.125008
6.17974 0.0367947 -0.190692
5.83118 -0.0736029 0.120577
5.983 0.0571364 -0.111464
5.93917 -0.00625615 0.0389662
5.8065 -0.0156616 0.18115
6.01458 -0.177761 0.0484318
6.07927 0.05141 0.194579
6.0755 0.165895 -0.0989788
6.07329 0.178463 0.0416873
6.17714 0.0535864 -0.10962
5.84282 -0.0766142 0.0518419
5.94215 -0.0882807 0.145795
5.91253 0.127333 0.154372
6.16212 -0.00184098 -0.00656745
5.92959 -0.0790223 -0.0972705
6.00645 -0.166319 -0.06485
6.00177 -0.066096 -0.153464
6.16121 0.0241686 -0.15143
5.86425 0.0801408 0.0104609
5.99449 0.127822 -0.143871
6.16258 -0.0640128 -0.14138
6.10234 -0.00663996 0.155335
6.13583 -0.0937411 -0.0367972
6.07946 -0.00756378 -0.152503
5.88203 -0.105178 -0.103713
5.89369 0.0308872 0.194419
5.9813 -0.071292 -0.185826
6.13188 -0.104144 -0.0544753
5.80304 0.174363 -0.141424
6.04798 -0.0431832 0.126762
5.81428 -0.0149162 0.0828459
5.97467 -0.00106111 0.0294323
5.91529 0.115534 0.124914
5.98037 0.112221 0.0625314
6.18797 -0.143512 0.111294
5.97745 -0.0547857 0.0123926
6.03073 0.0659015 -0.150956
6.00947 -0.0371235 0.0123616
5.81351 0.0221754 0.0907291
5.91827 0.0563682 0.0603316
5.82685 -0.178555 0.00954902
5.8986 0.0707982 0.182713
6.03168 0.0473887 -0.0285259
5.92718 -0.104805 0.131731
6.03339 -0.199506 0.168181
6.03657 -0.177682 -0.152552
5.83563 -0.17402 0.0310031
6.08922 -0.12454 0.13249
5.8986 -0.0345108 -0.107646
5.96136 0.173667 0.119447
5.90956 -0.196409 -0.176024
5.9091 -0.114038 -0.0585268
5.97121 0.0658474 -0.153763
5.91108 -0.164671 0.0037379
6.03733 -0.154641 -0.0507592
6.15693 -0.18811 -0.0344099
6.10577 -0.0796628 0.0594652
6.169 0.167417 -0.0945737
5.92218 0.0273677 -0.148937
6.01862 0.0404025 -0.0256585
6.09254 -0.135452 0.0908445
6.04127 0.175913 0.154781
6.176 -0.056204 -0.103891
5.80275 -0.196885 0.0188895
5.86706 -0.186292 0.138309
6.06813 0.0101301 0.0782638
5.8346 0.154055 -0.0344696
6.19078 0.0161287 0.0819056
5.81189 0.163079 -0.0311981
5.83295 0.0682056 -0.00555588
6.01436 -0.0820178 0.138243
6.06701 0.124485 0.100257
6.18086 0.0345944 -0.130489
5.99351 -0.131969 -0.136894
5.98034 -0.00230089 -0.0907344
6.05899 -0.0606352 -0.0253708
5.88852 0.13822 -0.168266
5.98284 -0.0356221 -0.174297
6.00561 0.128969 0.194394
5.92026 -0.199139 -0.0414571
6.13345 -0.092414 -0.0975577
5.80209 0.176198 0.0683603
6.03924 -0.141291 0.106338
5.94271 -0.0744096 0.0218701
6.05957 -0.0565695 0.150121
5.90429 -0.134256 0.0787845
5.86469 0.0559993 -0.029765
6.16066 0.0647214 -0.191129
5.83709 0.168598 0.0375474
5.91352 0.0356714 0.157898
5.81928 -0.105755 0.0779353
6.16014 0.0194114 -0.188671
6.19781 -0.138942 0.0418699
5.81002 0.141381 -0.122922
6.05896 -0.181552 -0.110586
6.08907 0.177497 -0.127406
6.01723 -0.124345 0.177093
6.00527 0.113535 -0.0856462
6.13254 -0.118615 -0.15278
6.12438 -0.0656009 0.100836
5.84956 -0.0288833 0.193826
6.09071 0.142388 -0.142734
6.05393 0.192937 0.0334205
6.07234 0.00157194 0.0653619
5.83013 0.100826 -0.140578
6.12229 0.093418 -0.049486
5.95556 5.28991e-05 0.172711
6.07608 0.00491729 -0.128642
5.90299 -0.0113982 0.0965305
6.19696 -0.0181284 0.150116
6.16753 -0.0246143 -0.0176448
6.06874 0.126938 0.0235913
5.97998 0.139968 -0.074234
5.86729 -0.108051 0.148856
6.09649 -0.106145 0.120676
5.90439 0.121069 -0.0828938
6.14254 -0.0382553 -0.0681514
5.80713 -0.179798 -0.0266424
6.11575 0.199554 0.0878928
6.07768 -0.0104174 0.105732
5.82304 0.174806 -0.0317105
5.96227 -0.0527073 -0.0801133
6.13451 0.169453 -0.143248
6.03307 0.173637 -0.103062
5.90329 0.116283 -0.028198
6.11061 -0.166954 0.163977
6.14883 -0.0301023 -0.0736145
5.81103 -0.186045 -0.0801979
6.19192 -0.00446221 -0.145682
6.09712 0.169589 0.0510695
6.17507 0.150575 0.114224
6.11307 -0.121508 -0.00688651
5.96037 0.0297931 0.126614
6.16978 0.180607 -0.116805
5.83083 -0.168979 -0.0945441
5.87533 0.0739098 0.11048
6.00571 0.172055 -0.115604
6.04977 0.0199392 -0.117418
5.97913 -0.0912962 0.0840183
6.16094 -0.147677 0.0501799
6.11305 0.0462244 -0.0454866
5.90794 -0.154537 0.0119634
5.81747 -0.0350624 0.189898
5.88807 0.01048 -0.0606653
5.85146 0.183427 -0.174726
6.16178 -0.198311 -0.124939
5.89142 0.0852232 -0.108319
6.04563 -0.0370063 0.0305873
6.05527 -0.0373652 -0.113759
5.81598 0.144533 -0.125516
5.95361 0.0748294 -0.073845
6.0443 0.0570609 -0.0858007
6.1716 0.115213 0.0200334
5.94285 0.131373 0.00612235
5.83985 -0.101071 0.124962
5.9678 -0.153059 0.190031
5.92258 0.187862 -0.0703818
5.84813 0.0722128 -0.115823
5.83244 0.0242666 0.193314
6.17882 0.115858 -0.161574
6.19925 0.070254 0.151886
6.06608 0.11759 -0.0141504
5.95734 0.120225 0.0602907
6.10734 -0.0333359 0.101015
6.09672 0.0415543 0.183544
6.02552 0.14718 0.111768
6.05147 -0.184432 -0.164556
5.89584 -0.0441689 -0.0097961
5.89926 0.0246558 -0.127994
5.9218 0.119658 0.00993101
6.09709 0.150134 -0.112015
6.0269 0.152374 -0.0692125
5.96634 0.0538919 -0.107764
5.90748 0.00297186 0.0886573
6.11743 -0.0261401 0.145892
5.87002 0.00437658 -0.168845
5.8687 -0.139664 0.100519
6.0595 0.0786265 0.0689935
6.03575 -0.175303 0.0935919
5.93638 -0.108338 -0.0759687
5.86273 0.109924 0.114764
6.07267 -0.14388 0.146761
5.9972 -8.15243e-05 0.00251968
5.87786 0.0138649 0.111682
5.81509 -0.196023 0.127332
6.18508 -0.185517 0.0740129
6.18133 -0.0598568 -0.167881
5.83111 0.0454121 -0.179551
6.05399 0.134612 -0.190285
5.91186 -0.0175167 -0.198776
5.95976 0.170263 -0.150965
5.89577 0.131021 0.0684734
5.92208 -0.176147 -0.154827
5.83246 0.163973 0.125055
6.06076 -0.0744941 -0.00962396
5.92719 -0.15301 -0.0061214
5.87195 0.116617 -0.018335
6.17154 -0.0181091 -0.00949548
6.01789 0.129385 -0.0241472
6.17614 -0.199654 0.0180047
5.82795 0.19046 -0.17203
6.06474 0.152504 0.142244
5.92204 0.196559 0.0556708
5.88174 0.144434 0.110529
5.93676 0.0141492 0.118272
6.1146 0.0260844 -0.070527
6.02682 0.145782 -0.0443693
6.01083 0.11261 0.0869076
5.86316 0.0558383 0.160774
6.15262 0.0327065 0.0783653
6.0691 0.0374001 0.0897637
6.00088 -0.179678 0.161183
5.82995 -0.122993 0.176364
5.90088 0.187494 0.126771
6.12248 -0.0452382 -0.191859
-0.157966 2.02429 -0.12931
0.0485584 2.1078 0.168339
-0.0241399 1.9269 -0.110565
-0.0231993 2.12901 0.092075
0.0978553 1.81873 0.0151564
0.012082 2.08323 0.0743747
0.117867 1.90469 -0.175468
-0.133031 2.12034 0.158125
0.163977 1.87525 -0.159802
0.136712 2.19179 0.117764
-0.0201305 2.15616 0.0181841
-0.0320369 1.97298 0.170183
0.114007 1.94787 -0.0126748
-0.142865 2.11743 -0.0940818
0.0509278 1.99677 -0.0740869
-0.151542 1.94768 -0.00142074
0.179075 2.15244 -0.0588636
0.140977 1.98009 0.148458
-0.136818 1.84788 -0.0366841
-0.0628295 2.16915 -0.116162
0.168146 2.18585 -0.0148748
-0.166593 1.85439 -0.0138359
0.0628129 2.05295 0.150848
0.0362985 2.08809 -0.130998
0.183671 1.96836 0.0354279
-0.00178832 2.07362 0.0334881
0.0796207 2.01295 -0.124541
0.0359373 2.14807 -0.156924
0.00076656 2.15614 0.170711
-0.0113169 1.92335 0.0264971
-0.179588 2.08057 0.152189
-0.174491 1.99748 -0.0896902
-0.192805 1.94927 -0.155309
-0.0810874 1.84981 0.00331795
-0.0860059 1.97475 0.0772248
0.0744652 1.8881 -0.107042
-0.13608 1.91409 0.0364794
0.178554 1.9626 -0.0385674
0.103627 1.87953 0.15622
-0.146275 2.10272 0.0851202
-0.0759216 1.96732 0.00796428
-0.112905 2.07259 -0.146523
0.027539 2.0394 0.0445363
0.0600501 2.19191 0.176151
-0.0536292 1.93308 0.140515
0.0376607 1.81949 -0.189036
-0.159506 2.0281 -0.0268426
-0.140203 1.97348 -0.153816
0.192568 1.80653 0.0833665
0.117572 2.1179 0.179212
0.0749603 2.12604 0.185334
0.147032 2.14139 -0.133975
0.150093 1.89796 0.18356
-0.194956 2.01885 -0.0157556
0.143273 1.83934 -0.171031
0.169117 1.86448 -0.190838
0.0818252 2.12056 -0.165251
0.132359 1.95966 -0.162464
-0.00896692 1.96607 0.187192
0.0935888 1.93756 -0.151441
-0.102948 1.81512 0.198872
-0.0749031 2.01889 -0.0818306
0.192626 1.98993 0.104444
-0.00195156 2.05427 -0.0284411
0.0830797 1.9379 -0.0771116
0.175325 2.14407 0.198276
-0.166435 1.82091 0.140733
0.183965 1.87083 -0.0818662
-0.142996 1.90514 0.143616
-0.163514 2.02655 -0.0459238
-0.0453151 1.84227 0.137644
0.00297943 1.91282 -0.0149198
0.121425 1.86011 -0.12742
-0.15107 1.91747 -0.191205
0.151655 1.89609 0.13848
-0.047635 1.97239 -0.0660008
0.0617062 1.99133 -0.136022
0.152942 1.90899 0.00727126
0.0245562 1.83081 -0.180322
0.183861 2.12537 -0.0913215
0.170386 2.15977 0.0068855
-0.0917762 1.84357 0.185629
0.185705 2.05084 0.0166734
0.0979081 1.91612 -0.148594
-0.0599644 2.14682 0.0672058
-0.00672595 1.81413 -0.0416611
-0.028779 2.17029 -0.00238501
-0.0347418 2.05277 0.0245345
-0.0227461 1.81388 -0.0752749
0.0735282 2.19259 -0.0911509
0.0018516 1.94953 -0.0712099
-0.00772083 1.84898 -0.190145
0.0756732 1.85358 -0.104952
-0.00588888 1.93552 -0.113885
-0.129129 1.94577 0.0679044
-0.0310421 2.16035 -0.130577
-0.152291 1.89257 0.0936673
-0.0431173 2.08769 -0.143499
0.120151 2.17389 -0.0864873
0.164739 2.1315 0.170624
0.179728 1.90204 0.135871
0.189159 1.80644 0.0489466
-0.183983 1.81293 0.06169
0.0140013 1.84096 -0.0697208
-0.0902985 2.11351 -0.0326933
0.0929449 2.18578 -0.169625
0.177367 1.9849 0.00986119
0.107422 1.82632 -0.114144
-0.0577444 1.87845 0.127921
-0.1806 1.94032 -0.153201
0.097973 2.00815 0.192356
0.0155196 2.02666 0.152595
-0.1678 1.83583 -0.117153
0.0188234 2.0036 -0.0459546
-0.137031 2.19751 0.0142821
0.188364 2.04532 -0.0537904
-0.0770206 1.85164 -0.0498601
0.0430171 1.95107 0.107934
-0.102206 2.08269 0.160467
0.0621557 2.11927 0.1677
-0.031614 1.87256 -0.10861
0.180142 1.82794 -0.0242152
0.199441 1.92645 0.0308277
-0.191885 2.06969 -0.162953
0.130882 1.97976 -0.0974722
0.111346 1.80068 -0.132374
0.164813 1.89411 -0.186969
-0.033218 1.98629 0.115134
0.14082 2.12827 0.136093
-0.141026 1.98756 0.0412314
0.0334787 1.94494 0.0496115
-0.15087 2.03616 -0.139071
0.085347 1.91563 -0.0446355
-0.110949 1.99857 0.103918
0.0280599 1.86417 0.0338329
0.076535 1.86363 -0.122684
-0.0578847 2.16816 0.0799655
0.0983897 1.91292 0.195592
-0.014597 1.91987 0.19874
0.0499388 1.96675 -0.138395
0.000348896 2.17417 0.0809824
0.0670173 2.14398 -0.164846
0.0728176 1.88932 -0.0424947
0.0333423 1.87984 0.113965
0.00790632 2.03211 -0.154513
0.0426442 1.84541 -0.134552
0.159843 1.88635 -0.0279765
-0.17211 1.81849 -0.0289397
0.0110925 2.04978 0.184651
-0.105361 1.97638 0.0314452
-0.0787517 2.002 0.194554
0.0306019 2.03614 -0.189325
0.125378 1.9068 -0.0204896
-0.0143216 1.95144 0.0862465
-0.0165205 1.9642 -0.0726114
0.100179 2.0456 -0.187727
0.132384 1.8547 -0.148443
0.0798423 2.16473 -0.122576
0.195007 2.19623 0.132834
-0.1207 1.82163 -0.161812
-0.118455 2.04603 -0.0106067
0.00430422 1.82129 -0.185211
-0.14248 1.92696 0.0531174
-0.144906 2.03591 0.0851464
-0.0783463 1.97521 0.0644848
0.111222 1.97405 -0.0458942
0.137983 1.97815 0.0642547
-0.0107498 2.19826 0.115552
-0.160429 1.90456 0.110392
0.142182 1.93334 0.155952
0.105158 1.97294 -0.0649635
0.0984366 1.90012 -0.0325761
0.123522 2.10391 0.106857
-0.155163 2.01976 -0.116781
0.134539 2.01858 0.0774025
0.113723 1.91338 -0.156182
0.0891501 2.18383 -0.0784964
-0.157086 1.80163 0.144325
-0.0695193 1.98568 -0.0161029
-0.0635759 1.8184 0.0561379
-0.174197 2.02839 -0.0116427
-0.081212 1.88724 0.140089
-0.177217 1.92871 -0.080804
-0.0852033 1.88462 0.00399347
0.129396 2.04078 0.0380505
-0.136156 1.9539 0.132286
0.148485 2.05708 -0.075473
-0.0767392 1.97206 -0.0113113
-0.159782 1.98092 -0.100186
-0.0750757 2.10511 -0.170641
0.033193 1.81326 0.176278
0.0868516 2.17606 -0.105304
-0.154514 1.82779 -0.138861
0.195407 1.82485 -0.137038
0.151788 2.10761 -0.166126
-0.148478 2.19558 0.0330463
-0.055608 2.15989 0.0584574
-0.027473 1.96417 -0.19407
-0.0193877 1.82744 -0.0483593
0.134834 2.06736 0.0769605
-0.00432365 1.9713 0.0868224
-0.0226148 2.01529 0.138867
0.103351 1.97516 -0.0908774
-0.0657931 1.87875 0.0285072
0.0537764 2.14625 -0.0212827
0.0456144 1.91099 0.019698
0.179427 1.86651 0.140217
-0.108385 2.0604 0.101305
-0.0850394 1.87642 0.0765428
0.117609 1.85269 -0.054047
-0.036768 2.16631 0.0898024
-0.11021 1.8481 -0.126873
0.168343 1.88243 0.0641315
-0.190217 1.87404 -0.162855
-0.0804715 2.17121 -0.135777
0.159915 2.15054 -0.130893
-0.156418 1.87905 -0.0538249
0.0790923 2.15912 -0.0197764
0.181937 2.10836 -0.135922
0.132902 1.9951 0.177943
-0.0965614 1.98069 -0.0224826
0.0498236 1.90058 0.0137966
0.0726799 2.16624 -0.108262
-0.0737637 1.95429 0.0829778
-0.16584 2.11342 0.124175
-0.122182 1.89441 0.0201542
-0.141219 2.0893 0.176827
0.0844609 2.11682 0.0655611
-0.020238 1.88027 -0.0907533
-0.172161 2.06825 -0.0702076
-0.0987506 2.13163 -0.193851
-0.0109405 1.91251 0.00782211
-0.00461636 2.18444 0.0619114
-0.10038 2.09266 0.011528
-0.0761933 1.88889 0.0568924
-0.0006001 2.09155 0.0988385
0.0404571 1.83767 -0.0998775
-0.192481 1.96423 0.0623398
0.155361 2.17832 -0.0153158
-0.0606355 2.02035 0.176932
0.024531 1.98265 -0.0435278
-0.0410129 2.15268 0.0070899
-0.0611642 1.88758 0.0172926
0.0680931 1.98037 -0.1387
-0.190377 1.99048 -0.0921667
0.199165 2.08494 -0.14132
-0.134862 2.12258 -0.0724717
0.125075 1.94732 -0.0306159
0.000292853 1.88204 -0.158674
-0.196784 2.00387 -0.0535542
-0.17846 2.19607 0.108873
0.077822 2.05974 0.0781377
0.0623413 1.94528 -0.108158
0.00402132 2.02313 0.141188
-0.0588013 1.90215 -0.126617
0.0340295 2.04918 -0.00495975
3.04454 1.82397 -0.113881
3.13176 2.07306 0.00420597
2.81872 1.84018 -0.0420003
3.08743 2.11303 0.092835
2.90304 1.85555 0.192845
2.98854 2.11883 -0.167288
3.06924 1.97358 0.197529
3.14944 2.08657 -0.00401847
2.83323 2.14427 0.192371
2.92949 2.12319 -0.0352393
3.00951 2.09614 0.054584
2.93025 1.91231 0.178108
2.94297 2.14858 -0.0861375
2.88782 2.16227 -0.0763439
3.00872 1.83774 0.0864098
2.92543 2.12354 -0.170565
3.06897 1.9278 0.0375511
3.11365 1.97471 0.191039
3.09056 2.18414 0.0748411
2.9893 2.18136 -0.115055
3.00124 1.81869 0.129077
2.91928 2.06474 0.0889721
3.13517 1.86883 0.108621
3.15248 1.84754 0.152447
2.85025 2.04521 0.14529
2.82362 1.99598 -0.186828
2.88387 1.93953 -0.000553757
3.09738 1.91494 0.10099
2.87789 1.93343 0.0856882
3.06609 2.0391 0.155779
3.15588 2.15794 -0.194486
2.85869 1.94372 0.153564
3.01403 1.8563 -0.118015
3.13982 2.01968 0.167595
3.09093 1.86303 -0.172728
2.98637 1.80948 -0.0547897
2.80786 1.96261 0.153171
3.01417 1.98337 0.108918
3.17037 1.9881 0.0739536
2.92079 2.09061 0.184018
3.12368 2.13208 -0.0048327
3.06874 2.1456 -0.180618
3.04186 1.89361 0.167973
3.13444 1.84657 -0.066959
3.12601 1.86643 0.0437028
2.83936 1.95499 0.180702
2.8586 1.92588 0.0251803
2.95127 2.05282 0.184342
2.87756 1.98029 0.0886042
2.94218 2.06574 0.10385
3.15855 2.11843 0.0485905
2.89789 2.10035 0.0842947
3.10001 1.87713 0.0962662
2.94218 2.14126 0.0823296
3.09891 1.97017 -0.0684532
2.94741 1.81652 -0.148499
3.15028 2.18569 0.0704482
3.18148 2.13001 0.119366
3.18797 2.07357 0.0310777
3.0146 2.11921 0.179002
3.02433 1.81388 0.0276913
3.08955 1.83516 -0.0550847
3.14574 2.03744 -0.0259793
2.8758 2.1743 -0.0908273
2.91145 2.16331 -0.180187
2.94024 2.12605 -0.093452
2.96678 1.84815 0.0962409
2.81868 1.92115 0.170266
3.1101 1.95224 -0.0257815
2.91043 2.00983 0.0899646
2.83951 2.18368 -0.0836013
2.97436 1.88494 -0.0596016
2.92843 1.99691 0.127807
3.13674 1.89116 0.084342
2.92664 1.8145 -0.135364
3.07513 1.98676 0.101384
3.05689 1.83244 0.0383687
2.88584 1.9134 -0.182462
2.82776 1.87255 0.0438142
2.93098 1.9771 -0.0678958
3.05415 1.97965 0.0141035
2.81033 2.13517 0.0501899
2.91178 2.08508 0.165377
3.01119 2.12894 0.165007
3.02446 2.07694 0.0323274
3.15206 2.1682 -0.0272675
2.81925 1.81447 0.0277075
2.84268 2.08923 -0.0162585
3.06721 1.86622 -0.0916845
3.00004 1.85488 0.192941
3.0452 2.06166 0.0804431
3.07068 1.80155 -0.161664
2.83167 2.09014 0.197054
2.87761 2.16916 0.107341
2.81695 1.85033 -0.0707032
2.86419 2.05454 -0.17199
2.84242 1.92175 -0.091136
2.85865 2.06324 0.160362
3.13233 1.87951 -0.193713
2.94727 1.99412 -0.132123
2.92362 2.04051 0.0599001
2.90086 2.14814 0.0153868
2.85727 1.83525 0.11551
3.19114 2.01773 0.014723
3.03218 1.90241 0.110131
3.1115 1.87664 0.16003
2.93118 2.10576 0.106669
2.81735 2.11727 -0.0968838
2.90009 1.86911 0.033781
3.03859 1.87486 -0.07473
3.02526 2.15932 -0.134398
3.19451 2.13155 0.075977
3.15106 2.02494 0.04207
3.18391 2.03901 -0.134257
3.18617 1.88358 0.146779
2.92677 2.01834 0.0135307
3.13295 1.95437 0.130784
2.92929 2.09519 -0.0977189
2.90848 1.93758 -0.182736
2.95319 1.92954 0.0841923
3.12672 1.83035 -0.0926727
3.08868 1.96116 0.121226
2.92504 1.88086 -0.013326
3.02079 2.06034 0.0994823
3.05912 1.99237 0.172779
3.18699 1.96739 -0.0835672
2.99217 2.18152 -0.0974673
3.15192 2.05874 -0.093601
3.03831 2.06158 0.0599716
2.9554 1.93106 -0.0801848
3.1276 2.19108 -0.184565
3.09359 2.11486 0.00861907
3.13958 2.11009 0.18322
2.98963 1.99444 -0.0241886
3.15213 2.09095 -0.150984
2.83829 1.98776 -0.00338182
3.07013 2.15318 -0.0653691
3.07526 2.04054 -0.0979382
2.92689 1.94035 0.123031
2.94372 1.92136 -0.0729977
3.02072 1.97233 0.106404
3.1985 2.15558 0.0517146
2.94168 2.01362 0.173019
3.02356 2.18889 -0.125893
3.17509 1.89539 0.0841099
2.88151 1.8853 0.0186959
3.16986 2.08561 -0.0528666
2.95338 2.08416 -0.195826
3.03472 2.1083 -0.169784
2.81112 2.10301 -0.186816
3.00886 2.0831 0.051351
2.97408 2.07873 -0.0125804
2.89399 2.16498 -0.195931
2.89618 1.9748 0.0780105
2.8963 2.04121 -0.0632914
2.85634 2.07663 0.0862123
2.98719 2.15031 0.0980588
3.17551 1.8318 0.147394
2.88306 1.86452 -0.0220696
2.93851 2.07922 0.0174303
3.10281 1.97858 -0.177209
3.10436 1.859 -0.0497826
2.86817 1.86603 -0.0378453
3.13393 1.98331 -0.0139386
2.91927 2.14744 0.00808573
2.98774 1.96244 0.101579
3.13308 2.14216 0.199977
2.90368 2.01463 -0.0664911
2.85107 1.84315 0.157458
3.03003 2.15399 0.054865
2.91284 1.95301 -0.116152
2.86289 2.03436 -0.122805
2.90355 2.18093 -0.132781
3.07786 1.95086 0.0249686
2.97721 2.11279 0.188702
2.93806 2.09362 0.184853
3.14934 2.11727 0.0831535
2.81867 1.87869 0.0612882
2.96684 2.15663 0.101003
2.85331 1.87355 0.0406696
3.13938 2.03701 0.13079
3.12518 1.93816 -0.0125127
2.90737 2.09454 -0.0416939
2.92781 2.17727 -0.129943
3.19013 1.85892 0.125959
2.8916 2.17493 -0.0320742
2.83059 1.96674 -0.122252
2.95546 2.17105 0.0492007
2.83161 1.95473 -0.0713179
2.82005 1.88838 0.198814
2.81077 2.13336 -0.110191
3.0996 1.82551 -0.0201866
3.05665 2.14656 -0.0147427
2.87349 1.80839 -0.0518103
3.09559 2.14146 -0.190358
3.02005 1.88537 -0.139618
2.89473 2.0609 0.180573
3.12371 2.15921 0.027361
2.88824 2.01176 -0.116173
2.94541 1.85079 -0.181665
2.81952 2.15016 -0.116915
3.18265 2.11086 -0.145263
3.06253 2.01323 0.141662
3.13432 2.11759 -0.0638814
3.12168 1.94114 0.182779
3.05341 2.11025 1.13547e-05
3.11842 2.12891 -0.194504
2.81494 1.98175 0.0583117
2.90401 1.97876 0.147049
2.86964 1.885 -0.117775
3.11246 1.90871 -0.173986
2.97252 2.00549 0.18625
2.81412 1.94049 0.0301184
2.95865 2.10209 -0.0213505
3.14886 1.90052 -0.0803914
2.92517 1.91606 0.0983626
3.02637 2.12539 -0.0742387
3.12587 1.80894 -0.0332763
3.17582 2.07884 -0.00934224
3.16784 1.99217 -0.0607497
2.8132 1.97473 0.0124439
2.8552 1.87357 0.165652
3.05276 2.06496 -0.0546729
2.95305 2.17949 -0.143385
2.91971 2.19413 -0.087983
2.89926 1.9885 -0.013326
2.82808 2.18922 0.0426725
3.15355 1.91174 0.00131392
3.08602 2.022 -0.104736
2.94741 2.01052 -0.0741586
2.80566 2.00001 -0.165142
2.93434 2.06295 0.197715
2.87746 1.90074 -0.0598134
2.84822 1.89344 0.0923808
3.08834 1.95273 -0.0340817
2.89688 1.91387 0.099771
2.91236 2.1311 -0.113905
2.96629 1.87622 -0.0303042
2.96091 1.90782 0.167378
3.14303 2.09075 -0.0420854
2.94961 2.17318 0.136348
2.95594 1.94908 -0.0243309
3.14092 1.81715 -0.00735922
2.99335 1.90145 -0.0132737
2.95216 1.83474 0.066097
2.89371 2.01023 0.156271
3.02412 2.13463 0.181502
3.07103 2.0153 -0.146884
3.06727 2.17419 0.00858486
2.90192 1.98533 -0.0514451
2.90518 1.87306 -0.00350036
3.05542 2.05592 -0.157249
3.11709 2.14124 0.11545
2.81846 1.87634 0.0924797
3.06889 1.99678 0.013595
2.84106 1.80548 0.195617
3.04255 2.02664 0.049515
2.90596 2.05337 -0.00801256
3.17575 2.18165 -0.186981
2.91501 1.88503 0.017214
3.17374 1.81495 0.134695
3.02653 1.89471 -0.0225006
2.92697 2.04369 -0.0305772
2.92934 1.86716 0.067485
3.03746 1.84093 -0.0284868
3.19751 2.19462 -0.0655779
3.15862 2.03074 -0.153883
2.90972 2.06093 0.058735
3.08707 1.9819 0.10995
3.16672 2.12351 -0.172562
2.93272 2.02839 0.104858
3.14593 1.90163 0.0453455
3.01171 1.81129 -0.0432026
3.13394 1.81434 0.138397
2.95876 1.89764 0.117681
2.82412 2.075 -0.101214
3.0991 2.0806 0.0497006
3.08332 1.82531 0.180437
2.92529 2.13861 -0.184944
2.90478 1.85547 0.190726
3.18975 2.07165 -0.177609
3.17804 2.11383 0.036874
3.11877 1.80222 0.00472823
2.85055 1.87619 0.144036
3.09943 2.08959 -0.126402
3.14206 1.93187 -0.0745211
3.16219 2.17501 -0.170713
2.84559 2.09387 0.121722
3.01203 1.85263 0.130088
3.00199 1.99548 0.130789
3.17976 2.18165 0.155106
3.11426 2.18205 -0.152443
3.08094 2.10598 0.160618
3.07638 2.01653 0.13949
3.08435 1.8983 -0.154481
3.05759 1.82572 0.00268927
2.91292 2.09939 -0.15464
3.04985 1.80858 -0.147328
2.99162 1.85868 -0.100804
2.85203 1.89302 -0.180194
3.066 1.98896 -0.192608
3.17293 2.13106 -0.0708627
2.8251 2.19067 -0.0110956
3.03498 2.12842 -0.175514
2.92672 1.82499 -0.050258
2.89684 1.8474 -0.0903386
3.02389 2.04979 -0.151772
3.12346 1.92893 0.196071
2.94238 2.15878 -0.111908
2.80729 1.93714 0.103075
3.19427 2.06296 0.176183
3.13338 2.02312 -0.167132
2.98709 2.03944 -0.0154455
3.15078 1.97402 -0.0700663
3.13458 2.12563 -0.126811
3.07049 2.10013 -0.0717689
3.02646 2.05586 0.049854
3.19716 1.81641 -0.116013
2.99361 1.90672 0.145447
3.17522 2.19991 0.197281
2.88594 2.08417 -0.174781
3.01218 2.14807 0.122802
2.9682 2.19214 0.034106
2.8184 1.98298 0.162892
2.91818 2.14121 -0.177734
3.16909 1.92378 0.157538
2.91193 1.96464 -0.00305477
2.92354 2.12968 -0.0531997
2.9806 2.05116 0.0290536
3.17879 1.9958 -0.00333346
3.06209 1.90665 -0.0279859
2.96276 1.80668 0.105762
3.18397 1.98466 0.0357676
2.97867 2.19411 0.143337
2.89242 2.15734 -0.0281633
2.81478 2.0023 0.0105038
3.08279 1.95915 0.0151174
2.86814 2.06161 -0.145284
3.01626 2.0733 -0.127832
3.08255 2.04291 -0.0161276
3.01953 1.90655 0.189099
3.13346 1.83139 -0.0273088
2.98172 2.19354 -0.0530721
2.89719 2.18536 0.0757895
3.13634 2.1386 -0.0285442
3.03928 1.83316 0.137219
2.95697 2.14795 0.149431
3.06481 2.19838 0.0715923
2.99239 2.07613 -0.191782
2.88634 2.10646 0.0218759
3.18644 1.9066 0.180954
2.84376 1.9583 -0.0598598
2.99107 2.07453 -0.164725
2.96408 2.07895 0.0562458
2.82194 2.09423 -0.123656
3.16827 2.08596 -0.149166
2.95969 1.97505 0.1906
3.01046 1.92575 -0.0149318
3.14999 1.98397 0.177802
3.00219 1.89227 -0.13911
2.95057 2.05347 -0.00430231
3.10615 1.99341 0.0535607
2.93338 1.98599 -0.068873
3.02481 2.17917 0.0236433
2.88022 1.83676 0.121708
3.114 1.87837 0.0819854
3.12421 1.8598 -0.195435
3.14066 2.1305 0.0150441
3.0951 1.83009 -0.056228
2.81264 1.84269 0.170679
2.92089 2.00894 0.0586254
2.9563 1.9576 0.125404
3.01379 1.89951 -0.0550948
2.91573 2.13705 -0.0411252
3.02145 2.19253 -0.196982
3.08281 1.91887 0.110296
3.05275 2.14774 0.0652984
3.18999 2.0005 0.0350311
3.1683 2.04909 -0.145406
3.11107 2.13767 0.0731502
2.8821 1.90878 0.0567959
3.10085 2.16734 -0.197186
2.92208 1.92505 0.0316858
2.94802 2.11878 0.00214171
3.00873 2.16268 -0.0913175
3.19083 1.88614 -0.162169
3.11092 1.82267 0.165581
2.98811 1.81516 0.0402652
2.91725 2.09172 -0.0124841
2.88528 1.87646 0.0508679
3.17518 2.16567 -0.178488
2.97395 1.90186 0.10504
3.11041 2.01397 -0.00303486
2.96929 1.94848 -0.083774
2.95533 2.08927 0.156217
2.82753 2.02716 -0.161281
3.00264 1.99266 -0.115877
2.99779 1.89278 0.067808
3.00746 2.07728 0.0374531
2.91315 1.8528 0.0949678
2.91629 2.09301 0.0593002
2.93424 1.98063 0.116971
2.96504 1.95254 0.186284
2.90934 2.08438 0.154451
2.87569 1.88394 -0.122545
2.80934 1.91586 -0.103465
2.84001 2.18698 0.0618052
2.98378 2.10175 0.16283
2.81241 1.97106 0.105088
3.13194 1.82956 -0.0717008
2.86077 2.14956 0.0202529
2.94635 1.81667 -0.0892439
2.93055 2.04626 0.182699
2.89121 2.11649 -0.122161
2.8539 2.10004 0.186729
3.04261 2.14865 -0.0710081
2.89907 2.02469 -0.113057
3.1534 1.93654 0.0932784
2.89884 1.93405 0.0625647
3.15412 2.14817 0.0497615
3.04768 1.8734 0.09827
2.96068 2.05414 0.190129
3.15487 2.18475 0.00185747
3.07331 1.96349 0.184198
3.12126 1.98966 -0.0596542
2.93332 2.0411 0.105223
2.90477 1.85966 -0.191127
3.06157 1.93448 -0.113635
2.94257 1.93578 0.173125
2.82754 1.83664 -0.16588
3.15977 2.17546 -0.130089
3.17251 2.19088 -0.0781707
3.02769 2.05645 -0.059818
3.09551 2.09652 -0.159185
3.16535 1.99892 0.1653
2.85314 1.88373 0.18537
3.15984 1.84086 -0.106321
3.19674 2.05407 0.151373
3.11315 2.14989 0.0302747
3.19902 2.06171 0.0954637
3.15473 1.96603 -0.130607
3.0649 1.80602 0.0547285
3.08727 2.12029 0.0444664
3.16886 2.06925 -0.190932
2.83468 1.80181 0.195872
2.90251 1.96545 -0.148515
2.85808 2.09095 0.173197
3.04604 1.96972 -0.0939009
2.86066 2.19684 -0.0630466
2.81215 2.04228 -0.0507863
3.05675 2.19523 0.054766
2.93611 1.89712 0.107017
3.10121 2.02603 -0.0586212
3.13482 1.96665 -0.157913
2.80474 2.09115 -0.0388499
3.035 2.02738 0.0179176
3.10451 2.03058 -0.0383295
3.03441 1.88582 0.0374072
3.10439 2.07766 -0.0060145
3.17661 1.8465 0.035869
3.11271 1.92033 -0.0229628
3.0418 1.83286 -0.0119798
2.84552 1.90893 0.192579
2.84654 1.8021 0.0322283
3.01401 2.01167 0.153317
3.13491 1.89489 -0.151388
2.82779 2.14942 -0.138591
3.16201 1.87854 -0.110623
2.86425 1.80984 -0.106218
3.05075 2.07725 -0.101071
3.11228 1.83878 -0.103132
2.85797 1.94707 0.0924717
2.96416 2.06653 0.0800335
3.00348 1.83636 0.18941
3.1708 2.13589 0.130449
3.03967 2.17554 0.0831035
2.82009 2.10953 -0.0049763
2.95054 2.14296 -0.026914
2.82152 2.11365 0.116633
3.12136 1.8666 0.00711432
3.15691 2.19907 0.0675947
2.8773 1.89538 -0.0766201
3.05456 2.13064 0.0840621
2.84987 2.08334 -0.153748
3.14084 2.15299 0.134204
3.13361 1.98878 -0.0451253
2.9954 1.87623 0.0485593
2.84796 2.04299 0.138966
3.18651 2.16424 0.0381668
2.82272 1.87682 0.144313
2.85179 1.96757 0.119
3.10653 1.9787 -0.0121123
2.99278 2.0754 0.195863
2.82133 2.00604 0.164229
3.17046 2.06242 -0.111826
3.03467 1.9478 0.177228
3.00288 2.09361 0.0719021
3.19422 1.97067 0.11735
2.96741 2.07851 -0.146083
3.07233 1.86461 0.0570584
3.08231 1.96964 -0.195551
3.19857 1.85793 0.0032922
3.0487 2.15744 0.124321
3.14382 2.11219 -0.0330929
2.84277 2.03589 0.0142702
3.12362 1.82738 0.141714
2.97844 1.88693 -0.0334289
2.89895 2.17945 0.14677
2.81466 2.11401 0.108958
2.86647 1.90842 0.152735
2.82062 1.93801 -0.11297
2.81456 1.81923 -0.0207677
6.11886 1.94186 0.168542
6.08047 2.12043 0.153362
6.14285 1.80882 0.160538
5.94034 2.0813 0.0967101
5.96192 1.96555 0.145372
5.85554 1.99037 -0.177578
5.88982 1.84365 -0.0298975
5.9861 1.85369 -0.196348
6.19601 2.06487 -0.199311
5.98329 1.83319 -0.0171002
5.89265 2.04268 0.0497783
5.96455 1.89983 0.155035
6.12934 1.85433 -0.153776
6.10206 1.9166 0.0846588
6.13643 2.09949 0.07008
5.90044 2.14882 0.194873
5.96299 2.05614 0.0386328
6.08877 1.92029 0.160551
5.86474 2.12428 0.0265984
6.00571 1.93494 -0.168319
6.19079 2.01634 -0.123313
5.82859 1.84261 -0.146551
5.80314 2.12954 -0.168879
5.9639 1.81162 0.191141
6.0109 1.94376 0.0886016
5.80487 1.83418 -0.000849843
6.11918 1.85774 -0.0930626
6.17616 1.8203 -0.00682066
6.01329 2.03782 -0.010666
6.13527 1.95626 0.0219172
6.04066 2.06947 0.120798
5.88328 2.00341 0.15096
5.85657 2.0667 -0.11756
6.11191 2.18577 -0.117185
5.90523 2.12012 0.0774287
5.84642 1.91118 -0.0808417
6.12824 1.96218 0.115909
5.87483 2.01661 -0.0453198
6.11981 2.03555 -0.085402
5.82938 2.12943 -0.0535716
6.18264 2.10934 0.112201
6.05444 2.14462 -0.0115104
5.96109 2.01401 -0.186127
6.14643 1.80326 -0.00667106
5.86496 1.9593 -0.0261753
6.05569 2.18155 0.0986821
5.95498 2.0677 0.12524
6.11364 1.93429 0.0393277
5.83385 1.88982 0.103912
5.804 1.8202 0.137881
5.90905 2.10951 0.124986
5.8223 2.03434 -0.0967199
5.98388 1.95577 -0.184169
5.85532 2.18463 0.0978438
5.84109 2.13764 0.0846259
5.97624 1.86239 0.0312719
5.97683 2.04876 0.0539223
5.94553 2.11462 0.118512
5.93193 2.02107 -0.11089
5.82737 2.18893 -0.00143948
5.82917 2.15545 0.0411485
6.1623 2.05454 -0.104886
5.85129 2.0721 -0.0187625
5.94286 2.00963 0.180192
5.81463 2.15231 -0.161826
6.06519 1.99593 0.122715
6.13994 2.10097 0.0570253
6.17254 1.92663 -0.173559
6.05384 2.19515 -0.141271
5.91556 1.80073 0.125265
5.90237 2.19925 -0.0705255
5.9787 1.80385 -0.19119
5.9222 2.1906 0.0839699
6.09195 1.83181 -0.0638805
5.83154 2.0567 0.0117179
6.01989 2.08654 -0.0794034
6.09423 2.1033 0.0397748
5.828 2.10797 -0.0780638
5.82067 2.14181 0.100689
5.93545 2.12438 -0.0629485
6.03061 1.85064 -0.16596
6.13421 1.94615 0.110418
5.96086 1.91925 0.0399078
6.10921 1.97829 -0.000343785
5.96391 2.11524 0.126324
5.95616 1.82399 0.11371
5.84642 2.02365 -0.137583
5.95208 1.83789 -0.0957343
6.09712 1.95901 -0.0341361
5.85797 1.87519 0.178821
6.17406 2.12867 -0.0299345
5.84682 1.99023 -0.122476
5.8165 2.15698 -0.19525
5.87139 1.8365 0.0580152
6.06902 2.0856 -0.127808
6.03609 1.87942 -0.170499
6.09137 2.01188 0.0892422
6.15296 1.90482 -0.127181
6.15845 2.0031 0.180856
5.98799 1.98838 0.152832
6.19379 2.16246 0.0579077
5.86171 1.80398 -0.0223731
5.9199 1.84075 0.057397
6.0337 1.86717 0.19012
6.09815 1.90726 -0.131175
5.92032 2.04719 -0.00206204
6.07313 2.05709 0.165383
6.04669 1.99051 0.165378
6.16493 1.90601 0.110483
6.08893 2.16665 -0.103149
6.05242 2.13489 0.102068
6.0101 1.80688 -0.120113
5.80179 1.99654 -0.101404
5.80408 2.19486 0.167921
6.06379 1.99293 0.179903
5.8157 1.94662 -0.0180282
5.98676 1.82027 0.096941
6.11719 1.8278 0.134792
6.02822 2.19994 0.158329
5.83734 2.02398 -0.0214659
6.11874 1.84098 0.0233821
6.15333 2.19757 0.0679189
5.9429 2.15971 0.194098
6.16387 2.15199 0.17974
6.04806 2.04827 -0.188926
6.14494 2.00982 -0.141888
5.86642 1.92521 -0.110027
6.09559 1.97323 0.144234
6.02432 2.14634 0.0126342
6.16587 2.19132 -0.177447
5.95524 1.89622 -0.0401022
6.08521 2.17241 0.0272135
6.08239 2.04856 -0.172257
6.09634 1.97599 0.188215
5.85116 2.18876 0.17713
5.86252 1.91754 0.157357
5.90993 2.11748 -0.0914784
6.09781 1.96134 -0.0336533
5.85519 2.09665 0.0642418
6.03146 1.99505 -0.169251
5.81643 2.11265 -0.0423274
6.01533 1.93702 0.0383808
5.85915 2.06463 -0.121571
6.07885 2.063 0.0284809
5.84614 2.07222 -0.189552
6.02027 2.11401 0.198979
6.09306 2.00711 0.0515454
5.83141 1.89368 -0.141796
5.82174 1.87187 -0.0356534
5.93827 2.03437 0.182107
6.10072 1.9216 0.0358352
6.12387 2.01944 -0.141457
6.02934 2.13538 -0.137814
6.11719 1.95417 -0.145061
6.09828 1.91332 -0.179658
6.14349 1.90062 -0.1479
6.06928 2.11563 0.0102371
6.06786 2.0011 0.13196
5.96002 2.00647 0.123285
6.13148 2.1609 0.00206451
5.92594 1.97283 -0.103573
6.16278 2.11159 0.00197408
5.98537 1.97263 -0.143531
5.87662 1.93468 0.133285
5.92591 2.00805 0.0614488
5.87087 1.92794 -0.0549151
5.93734 2.14946 -0.0796772
5.80939 2.19725 -0.110733
6.17739 1.91727 0.105136
5.87859 1.82248 0.194757
5.86372 2.11395 0.0280869
6.18497 1.92379 0.0893051
5.95903 1.83737 0.0644627
6.17468 2.02679 0.0280341
5.96122 1.8902 -0.16711
5.89381 2.11627 0.0502258
6.04001 2.05786 0.0811459
5.81416 1.86256 -0.0561064
5.90925 1.95962 -0.0610526
6.13088 1.88378 -0.170541
5.9873 2.18431 -0.182366
6.04319 1.83888 0.0329831
5.84866 2.17646 -0.00238253
6.09599 2.13799 0.0305224
5.92465 2.1158 -0.149178
6.05253 1.86604 0.0989149
6.13716 1.93683 0.05445
6.03746 2.16836 0.00772202
5.8207 1.81963 -0.0317496
5.98544 1.83731 -0.0746556
5.92983 1.99199 0.0841445
5.8364 2.09777 -0.185612
6.11839 1.90443 -0.106197
6.05558 2.03676 0.0892626
6.08366 1.8388 -0.0896142
5.96869 1.97234 0.109264
6.081 1.99814 0.084048
6.12269 1.83201 -0.0723845
6.13163 1.85337 0.124945
6.16484 2.00872 0.194397
6.0637 1.8899 -0.0841775
6.03115 2.12242 -0.16665
6.07176 2.15852 0.0790633
5.84328 2.09927 -0.104006
5.80161 2.11353 0.137258
5.94917 2.13851 -0.117287
5.9985 1.89112 -0.0802706
5.90107 2.08668 -0.121863
5.81749 2.01663 -0.0368378
5.94784 2.0073 0.0986793
6.06233 2.05454 -0.19881
6.07963 2.16293 0.139485
6.18497 2.04865 0.042641
5.89839 2.17937 -0.0661757
5.89437 1.97461 0.152441
5.95144 2.19421 0.046236
6.14513 1.95637 -0.162823
6.10642 1.88968 0.158199
5.92365 2.18141 -0.0245629
5.98483 2.06976 0.0548558
5.87569 2.13223 -0.0734993
5.89608 1.95639 -0.0820114
5.93938 1.96372 0.04735
5.95901 1.84481 -0.109614
6.174 1.88983 -0.132925
5.82972 1.91464 -0.00707307
5.89231 1.81507 -0.0766951
5.88585 1.82052 -0.175775
5.99034 2.162 -0.105528
6.18422 2.11864 -0.147489
6.04462 2.1835 -0.0776734
5.99482 2.00469 -0.163702
6.19623 1.81491 0.0874972
5.82593 1.8769 0.172987
5.93752 1.89828 -0.135985
5.8503 2.02299 0.0783137
6.02314 1.98569 -0.0228818
5.87208 2.02212 0.0653593
6.04038 2.00739 -0.191111
5.92681 1.92215 -0.0245618
6.12762 2.0043 -0.137283
5.96033 1.86333 -0.041332
6.12409 1.83199 -0.187293
5.84854 1.91644 -0.178402
6.1149 2.11423 0.0774191
5.99492 1.9828 -0.0121266
6.14981 1.86737 0.0474927
5.80653 2.02877 0.199845
6.0944 2.07903 0.117597
5.88416 2.19014 -0.144346
5.92644 1.92541 0.105837
5.80162 1.96879 0.122091
5.974 2.15864 0.17693
5.86538 2.01952 0.12973
5.89884 1.94358 -0.072744
6.01168 2.12869 -0.0123523
-0.0153668 4.13169 -0.190282
0.0360456 3.88505 -0.194218
0.0349153 3.98942 0.147789
0.0643857 4.1365 -0.193535
0.0389913 3.93143 -0.106154
-0.120976 3.81859 -0.08668
0.0915183 4.09375 0.113342
-0.118934 4.14799 -0.13196
0.0262593 3.92039 -0.0733137
-0.0116364 4.14045 0.106844
-0.116938 4.05834 -0.158968
-0.0257437 4.13996 -0.0853061
-0.0531768 4.15713 -0.162198
0.0247878 4.04764 0.0431626
-0.0352133 4.19941 0.158206
0.0665309 4.07459 -0.0130679
0.151008 4.09863 0.145509
0.0492436 4.03673 0.0279234
0.0601312 3.93201 -0.082214
-0.196781 4.01823 0.121067
-0.0390845 3.86596 0.144901
0.15576 4.16245 -0.0699415
0.0223762 4.14446 -0.0425991
0.0805749 3.82449 -0.142809
0.0477507 3.96809 0.132853
0.0834499 4.05748 0.0461337
0.17441 3.80003 0.134172
-0.145611 4.00901 -0.187737
-0.16817 3.90126 0.16474
-0.146679 3.84987 0.0426244
0.058989 3.95828 0.169879
0.00381508 3.94764 0.0562849
-0.0451976 4.1298 0.197337
0.180214 3.95074 -0.0236536
0.0925485 3.93637 0.0103333
-0.0179475 4.13621 -0.0735918
-0.0310435 3.91385 -0.1387
0.137189 3.92215 0.0583589
-0.0907525 3.80849 -0.0793032
-0.00950459 4.06669 -0.116183
-0.0374159 4.01555 0.0289648
0.0170777 4.17969 0.0634713
0.0548061 3.92851 -0.00645606
0.0795056 3.90791 -0.0455009
0.0225138 4.17623 0.186489
-0.154176 3.93535 -0.0156416
-0.0958969 4.00735 0.166567
-0.123229 4.19688 -0.0575561
-0.142646 4.09889 0.068412
-0.0172357 3.83514 0.0785038
-0.178487 4.004 -0.191958
0.0697157 4.00849 -0.116409
-0.0140478 3.85152 0.107623
-0.0193152 4.00542 0.0911045
0.0190518 4.0221 0.129777
-0.166395 4.13546 -0.0060481
-0.0800271 3.98144 -0.122965
0.117924 4.16487 0.073457
-0.119024 3.81919 -0.141622
-0.0901054 3.98467 -0.150379
-0.0883568 3.87261 0.0282048
-0.189894 3.84287 -0.0520766
0.098957 3.98795 0.144202
-0.176733 3.97904 -0.09609
-0.023528 4.11172 0.0632653
-0.121339 4.03265 -0.138036
-0.185885 4.06141 -0.10895
-0.0248134 3.98297 0.154264
0.197616 3.95417 0.0104158
-0.0192167 3.93501 0.133171
0.0568462 4.07599 -0.145311
0.130745 3.84436 -0.0513767
0.170778 4.13636 0.13969
0.00849116 3.80354 0.0138655
0.0916254 3.83733 0.179488
0.152156 3.89264 -0.0973697
-0.091783 4.17302 0.123626
-0.0190733 3.86831 -0.114239
0.113124 3.8186 0.1755
0.0174802 3.93858 -0.000443041
0.115092 3.99896 0.0709368
-0.175028 4.03313 0.197345
0.165439 3.89511 0.0428065
0.048811 3.91942 -0.0487205
-0.130674 4.17176 0.167309
0.179373 4.12385 -0.134531
-0.0951452 4.03834 -0.198835
0.131309 4.07371 -0.0812153
0.068795 4.13888 0.0404938
0.190744 4.01885 -0.0741334
0.195393 3.86804 0.173229
-0.134737 3.8301 -0.0623907
-0.0609758 4.11186 -0.198982
-0.092768 4.07242 0.0865653
0.0936749 4.16914 0.00425932
0.126029 4.09535 0.113355
0.094432 3.87254 0.0283449
0.181731 4.04489 0.158065
0.0603617 4.03517 0.140628
0.0960489 3.82489 -0.183206
0.172635 4.05057 0.110714
-0.155137 3.95394 -0.141406
0.0375145 4.03747 -0.153663
-0.159688 3.94561 -0.109227
-0.0371456 4.07048 -0.190632
0.00366843 4.16137 -0.036824
-0.135274 4.18708 -0.17935
0.156757 3.88644 0.00115554
-0.176549 4.01094 -0.0183092
0.105123 4.07938 0.0609419
0.0661079 4.18485 -0.14537
0.194785 4.19329 0.0482469
0.138572 4.01398 0.026672
-0.172556 3.94785 -0.0365046
-0.0504787 4.17656 0.124823
-0.185653 3.94815 -0.0819899
-0.161554 3.85197 0.159244
0.170901 3.83073 0.0724515
-0.0727595 4.07743 -0.10149
-0.160407 3.88335 0.0453402
0.123748 3.82332 -0.073165
-0.134062 3.91206 -0.149886
-0.115853 4.09796 -0.0441647
-0.0254308 3.90072 0.118873
0.196407 3.91518 -0.199505
-0.158843 3.87213 -0.0260628
0.0891867 4.12691 0.128663
-0.163775 3.86632 0.0159041
0.105299 4.16689 -0.173179
0.0912522 4.08433 0.0129817
0.173186 3.94605 -0.0858499
-0.119572 3.99636 0.0189844
0.108538 4.14093 -0.000499457
0.0386136 3.98138 -0.118243
0.104884 3.9622 -0.000132591
-0.0886038 3.88474 0.0181251
0.150259 3.87276 -0.114405
-0.182941 4.19934 0.0993093
-0.0665397 4.16026 -0.0725724
0.0663389 4.03343 -0.0359235
0.0674098 3.92185 -0.104999
-0.0433953 3.84741 0.0773459
0.143981 3.91589 -0.0211563
-0.181889 3.98182 0.192586
0.0351104 3.80168 -0.140364
-0.0322401 4.06806 0.178884
0.0273307 4.0277 0.0498821
-0.189411 3.83896 -0.0748665
-0.137901 3.85261 -0.0600645
-0.023709 4.08073 0.107858
-0.0138718 3.93451 0.121343
0.12139 3.98266 0.109402
-0.0789634 3.80954 0.137231
-0.158052 4.1378 -0.180633
0.0431835 3.82559 -0.1328
-0.156464 4.11269 -0.126982
0.169402 3.92433 -0.128345
0.0146971 3.92521 0.143529
-0.119311 4.07292 -0.0442993
-0.0328432 4.11758 0.114556
0.0485688 3.81663 -0.0113994
-0.00246167 3.89683 0.0337532
0.0546202 3.84108 -0.14918
-0.0401799 3.85931 0.123361
0.0966104 3.89806 0.144242
-0.0285977 4.18222 0.115498
-0.0851668 4.01595 0.0988806
-0.116103 3.97043 -0.183823
0.178763 4.05016 -0.11916
-0.0814675 3.94294 0.16588
-0.139426 3.97539 -0.15895
0.101083 3.99419 0.181005
-0.126389 4.02209 0.0946801
-0.0788811 4.13415 0.0500724
0.179818 3.83932 0.0852106
-0.0729265 3.91279 0.109258
0.00121853 4.06118 -0.0621022
0.0281533 3.84422 -0.178798
-0.0376239 3.99105 0.0480718
0.0316049 3.8222 -0.145147
0.00505237 4.11539 0.0323147
-0.192464 3.87945 -0.125142
-0.127024 3.87253 -0.060045
-0.020041 3.96195 0.166802
0.0456362 3.94932 0.161859
0.0392475 4.05383 0.0771128
0.0976135 4.1281 -0.0989964
0.148821 3.99045 0.151644
0.193123 3.95719 -0.0141158
-0.116852 3.87885 -0.0094094
0.0117121 3.92699 0.075804
0.0219322 4.06889 0.0533033
-0.152173 4.0347 -0.0534002
-0.135374 4.05052 -0.000159353
0.109583 3.98395 0.118967
0.130441 3.94942 0.126639
0.0370131 4.1129 0.0029386
-0.0347535 4.15544 0.194928
0.162915 3.81386 -0.0903775
0.0494687 4.0232 0.132066
0.153076 3.96046 0.039709
0.0876599 3.91889 0.178581
-0.167216 4.0152 0.0884839
0.198244 3.90768 -0.052314
-0.037687 3.83606 0.148692
-0.149073 3.97801 -0.0461212
0.0186943 3.88954 -0.139706
0.018585 4.10052 -0.13946
0.0149492 3.90288 0.130677
0.143437 4.03885 0.0466794
0.15536 3.98027 -0.0301377
-0.177223 3.99431 -0.0931821
-0.12724 4.09879 -0.0261099
0.0423077 4.08626 -0.00770333
0.123723 4.17791 -0.0965467
0.145197 3.85617 0.0539515
-0.0878105 4.14505 0.171579
-0.00411358 3.88795 0.0299697
0.0594508 4.00634 0.143949
-0.0479405 3.81574 -0.177368
-0.0830374 3.99614 -0.182479
-0.186354 3.94402 0.0592663
0.165728 3.89149 0.109161
0.0558914 3.86255 -0.103105
0.144615 4.03771 0.0770549
-0.07968 3.92084 0.0271181
0.0918387 4.16661 0.172396
-0.137321 4.16903 -0.132058
-0.153059 3.91901 0.0255962
-0.0529424 4.11459 -0.140802
-0.0585857 3.80569 -0.177192
0.167377 4.18252 -0.13472
-0.0768251 3.87577 0.030062
-0.133517 3.98634 0.129779
0.00875382 3.97671 -0.172591
0.0404317 3.91347 -0.190632
0.0226868 4.12877 0.166307
0.150977 4.07412 0.195548
-0.0808546 4.17562 0.137836
-0.159113 3.90735 0.193675
-0.114973 4.16401 -0.181888
0.00458941 3.85672 0.0667856
0.00371635 3.81466 -0.0138339
0.100013 4.1158 0.0528641
-0.0882994 4.19121 0.0393332
0.142556 4.10763 0.196451
-0.011099 4.16373 0.0728458
0.054856 3.94826 0.107533
0.137643 4.18909 0.149248
0.156625 4.18041 0.0343512
-0.188351 4.12711 -0.162481
-0.168623 3.9964 0.162431
-0.126446 4.01957 -0.0156246
-0.101085 3.89254 0.164681
-0.17872 3.87271 0.124253
0.082199 3.84555 -0.109763
0.13793 3.91349 -0.0482642
0.0959603 3.84527 0.0577426
0.101486 3.92058 0.0772693
-0.122984 4.05231 -0.049007
0.12796 3.95125 0.0500005
0.0274026 4.05112 -0.00636914
0.0175871 4.19174 -0.0379016
-0.154705 4.14421 0.179878
-0.190818 4.06409 -0.165245
0.011572 3.9866 -0.0997488
0.0125112 4.11709 -0.000927448
0.157411 3.99166 0.136791
-0.178002 3.87963 -0.128358
-0.186254 4.14921 0.00154428
-0.178963 4.11934 0.150927
0.192653 3.89095 0.0952725
0.0869126 3.97488 -0.0768893
0.162507 3.82264 -0.167168
-0.0434968 4.15556 -0.16783
0.0293535 4.00823 0.155024
-0.0295558 3.85766 0.19336
0.0296594 4.0855 0.0932489
0.00232443 4.07788 0.0860458
0.186677 3.9039 0.032985
0.179636 3.93723 0.06862
0.0442052 3.9858 -0.106821
-0.140864 3.82486 0.10051
-0.199995 3.8475 0.138353
0.183679 3.87929 -0.023972
0.110716 4.04885 -0.0716387
-0.163637 4.02679 0.181517
-0.194398 4.0107 0.0210403
-0.0126269 4.01043 0.0994614
0.0438225 4.12217 -0.00645813
0.176936 4.0438 0.153616
0.184538 3.87783 -0.100355
0.06569 3.83006 0.0940094
-0.187232 3.90679 -0.0640963
0.0446262 3.87319 0.182628
0.101049 3.90398 -0.0791244
-0.0206737 3.96199 0.17207
-0.0229526 4.18322 0.0990338
-0.0510009 4.1013 -0.0591105
0.115508 3.86264 0.0410967
-0.0399407 4.01923 0.188851
0.0990532 4.19935 -0.0142483
0.167292 3.8682 0.0233407
-0.0603382 4.02199 -0.0738788
-0.191505 4.17103 -0.0275472
0.175957 3.88852 -0.0429196
-0.103689 4.10728 0.0564716
-0.140837 4.11075 -0.169191
-0.167257 4.15486 -0.115668
0.182976 4.10855 0.0106971
-0.0415453 3.97298 0.140925
0.193148 3.99177 -0.16024
0.0593755 3.89354 -0.028424
0.00518033 4.02728 -0.174411
0.0766698 3.84729 -0.0144746
-0.00603637 3.82529 -0.0720694
-0.034738 4.06266 -0.157663
0.0326886 4.02781 -0.136262
-0.134133 3.87985 0.0139783
-0.00641432 4.17619 -0.0465306
-0.1864 3.84632 -0.168456
-0.00397548 3.97979 0.0124117
0.0478613 3.99051 -0.0481938
-0.150303 3.86254 -0.0740492
-0.138379 3.82486 0.0625718
0.0944283 3.95782 0.0623294
0.137997 3.81687 0.19228
0.000924423 4.00341 -0.0516808
-0.0018898 4.12968 -0.0564174
0.0106094 3.80776 0.0383612
-0.182708 4.14381 -0.107439
0.136266 4.09663 -0.0213865
0.129763 3.8637 0.0753254
-0.0879291 4.05966 -0.027096
-0.123735 4.02186 -0.0708027
-0.133638 3.83581 0.166747
-0.153985 4.00583 -0.00181349
0.161282 3.94607 0.150024
-0.0514779 3.87974 -0.126028
-0.123839 4.13388 0.130466
-0.117208 3.86507 -0.0955097
0.0940039 4.07024 -0.00598155
-0.095884 3.95337 -0.159367
0.124667 4.13636 -0.104475
-0.0687047 4.00062 0.0513095
-0.165126 4.05647 0.05281
0.0975003 4.02046 0.0500496
-0.156969 3.82419 -0.139931
0.176646 3.95358 -0.0598689
-0.0354188 4.05226 -0.0375642
-0.128691 3.81877 -0.0540987
-0.126096 4.09956 0.175389
-0.0477068 4.0864 -0.0409463
-0.132196 3.82984 -0.123926
0.0424343 3.95424 0.0724366
-0.0855454 4.16818 -0.199973
-0.189389 3.86735 0.0891365
0.17198 4.03203 0.133169
-0.165754 3.83435 -0.14522
-0.126215 4.06859 -0.172691
0.0959276 3.94148 0.0775802
-0.177389 3.88514 0.0339301
0.190837 3.80905 0.00994977
-0.189843 4.14829 0.124667
0.155618 3.83248 -0.162984
0.00171824 3.98899 0.0231984
-0.191144 4.06374 -0.0673522
-0.197677 3.97587 0.0173555
0.0845003 3.97584 -0.0791697
-0.0637697 4.1587 0.120133
0.137481 4.0402 0.146927
-0.0134656 4.03669 -0.154683
-0.0461517 3.81374 -0.193019
-0.11909 4.03894 0.0585403
-0.0498524 3.99379 0.111522
-0.100096 4.0903 -0.047096
-0.115916 4.11499 -0.00512457
0.0440192 3.99352 -0.135337
0.108825 4.18245 -0.150776
0.138613 3.94013 -0.0550343
0.0639753 3.80561 -0.00126064
-0.00665247 3.9073 0.171038
0.196215 3.8397 0.043258
-0.00524341 3.81193 0.0578172
-0.0214155 4.11801 -0.0511811
-0.163782 3.88465 0.197837
-0.00194921 4.11302 -0.112935
-0.162883 4.06305 0.00191024
0.11129 3.96026 -0.18678
0.01574 3.81893 -0.0644998
0.183806 3.98789 -0.0989744
0.0562283 3.91597 0.108861
-0.0848286 3.8173 -0.136816
-0.0391158 3.99106 0.0383529
-0.0421483 4.19038 0.0910324
0.040154 3.91948 -0.194804
-0.0191004 4.06374 0.0738573
0.077125 4.08112 0.197512
0.125841 3.9095 -0.00300272
0.0579009 3.9924 0.0481312
-0.0378364 4.05173 -0.132307
0.193636 3.86526 0.184769
0.175254 4.16794 -0.0708653
0.0261578 4.03667 -0.0337144
-0.0347311 3.91146 0.191318
-0.0381652 4.11915 -0.0970242
0.0668656 4.06351 0.0855282
-0.191578 4.02052 -0.187177
-0.191793 3.84789 0.108172
0.0603197 4.06168 -0.124978
-0.0292292 4.1084 0.166046
0.19535 3.91071 -0.0859713
-0.187419 3.80479 -0.192339
0.120719 4.12559 0.059099
0.111826 4.15863 0.0607538
0.00857297 3.92469 -0.0388554
0.0481 4.16853 -0.0662361
0.173467 4.10902 0.0475516
-0.121818 3.99212 0.166173
0.148554 3.83719 -0.119422
0.0563372 4.08809 0.0459009
0.0291435 3.90264 0.0612
0.0227889 3.85338 -0.0523834
0.0742101 4.12413 0.142244
-0.0211273 3.88531 -0.187129
-0.139061 4.08526 -0.160279
-0.0942974 3.82624 0.139745
-0.010181 3.91919 -0.164115
-0.035311 4.09927 -0.176878
0.194543 4.00569 -0.187709
-0.11096 4.13748 -0.0569334
-0.132349 3.95356 -0.0351599
-0.159529 3.9889 -0.0523445
0.164674 4.1035 0.0351688
-0.0663417 4.11564 -0.0647102
0.135449 4.04505 0.0208057
0.0399456 3.85581 0.196716
-0.145146 3.80336 -0.114111
0.0232467 3.97602 0.111726
0.14588 3.8809 0.132173
0.194628 3.90199 -0.0924675
-0.111957 4.12971 0.049154
0.10951 3.99815 -0.062677
-0.173787 4.07567 -0.0701225
0.0666026 3.86596 -0.198613
-0.112048 4.17117 0.155728
-0.0165249 4.00221 0.0940023
-0.149703 3.90231 -0.0309219
0.185344 4.11465 0.0483709
-0.138062 3.90775 -0.0515318
0.0672335 4.13483 0.0441372
-0.180542 3.97993 -0.00851655
-0.052572 3.967 0.14226
0.177075 3.82971 -0.19
0.0843405 4.13498 0.195668
0.194749 4.11117 0.128666
-0.0648313 4.16494 -0.0499922
-0.0930583 4.15968 0.113186
-0.00790381 4.02062 -0.167629
0.0962163 4.188 -0.0823145
-0.0135186 3.9202 0.0863164
0.14557 3.96872 0.144429
0.130673 4.12393 0.072788
-0.0758277 4.00484 0.0518642
0.02523 3.831 0.100802
-0.0115639 3.82379 0.00852123
0.110576 4.03124 0.119376
0.181727 4.02607 0.141994
-0.0166106 4.195 0.179444
-0.0252958 4.16322 -0.147879
-0.178335 4.17738 0.104476
-0.0286416 3.82214 4.60446e-06
-0.150905 4.17193 -0.152123
-0.199728 3.8835 0.133514
-0.12833 3.92517 0.010324
-0.161938 4.15172 0.145314
-0.0983236 3.83713 -0.149033
-0.122512 3.96744 0.0148993
0.0701885 4.05036 -0.137659
0.118637 4.09631 0.080365
0.174258 3.89351 -0.194903
0.111318 3.85989 0.0133721
-0.0994359 3.95986 0.167646
0.0279841 3.8466 0.117893
-0.109594 4.10907 0.107432
-0.145542 3.87066 0.0483714
-0.160542 3.93908 0.130759
0.153655 3.86878 -0.0752955
-0.0811414 3.8236 0.0300067
0.0618933 4.08922 0.024356
0.1328 3.85781 -0.144906
-0.100194 4.06259 0.00675103
0.197703 4.14719 -0.129634
-0.0376207 4.16081 0.151408
0.150238 4.17095 0.101452
-0.099373 4.01197 -0.177802
0.00765705 3.93864 0.0579553
0.0451328 4.01032 0.0235133
0.143075 3.82849 0.0583265
0.122628 4.087 0.160188
-0.000483915 3.89564 -0.0486393
0.187798 3.82573 -0.0200014
-0.163974 4.08945 0.0354317
-0.0658403 3.971 -0.145751
0.109751 3.95753 -0.110574
-0.0409432 4.19286 -0.0958925
0.11317 3.90734 0.102333
-0.0631197 3.80919 0.109275
0.0420472 4.11516 -0.0202647
-0.195095 3.92482 -0.118035
-0.0355103 4.08473 0.154363
-0.0141837 3.99965 -0.144784
2.90868 3.11395 -0.0973439
3.05748 3.19022 -0.148338
2.85898 3.09763 -0.0694339
3.02239 3.17614 0.0107804
2.84346 3.1585 0.0380743
2.86787 3.14849 0.190714
3.06303 2.96357 0.0490848
3.04868 3.09463 -0.163971
2.87748 3.0972 -0.0589913
3.03632 2.97233 0.149099
3.01305 2.9544 -0.152122
3.15741 3.0915 0.162762
2.93921 2.92114 0.101732
2.86389 3.06671 0.130445
2.87223 3.02887 0.0872545
3.15102 3.16668 -0.123842
2.80772 2.88013 0.121519
2.98365 3.15403 0.0338103
2.90392 2.85733 0.105066
2.94793 3.18571 -0.146204
2.94344 2.82543 -0.197388
3.02089 2.93662 -0.111999
3.05734 3.192 0.155754
2.81939 2.8319 0.0794797
2.88466 2.86125 0.167131
3.14131 2.89141 0.171978
2.83085 3.09537 0.163054
2.92683 3.06277 -0.162726
2.82684 2.84119 0.0473667
2.98954 3.06782 0.0259148
3.18295 2.80621 -0.139892
3.03628 2.98935 -0.0964147
2.95859 3.09802 0.0594194
3.1057 3.11634 -0.128536
3.10051 3.05418 0.116784
3.11245 3.17948 -0.0865628
3.16957 3.09272 -0.0661565
3.06815 2.82429 0.194333
3.1135 2.85541 0.129938
3.09766 2.87757 -0.191971
3.17097 2.96456 0.0967438
3.08631 3.17561 -0.168184
3.13779 2.87347 -0.0770985
2.87958 2.99139 0.138589
3.18957 2.86374 0.169432
2.92747 3.07744 0.0257587
2.8429 2.9234 0.165948
2.97345 2.82846 -0.149421
3.19092 2.93274 -0.0360389
2.99851 2.89753 0.120972
2.89898 2.93137 0.174769
3.1991 3.13852 -0.157128
2.9013 3.0064 0.181916
3.15164 3.01979 0.178384
3.08111 2.84042 0.137066
2.90975 3.19549 0.0333291
2.83527 2.9745 0.0810401
2.94872 3.01305 0.0603956
2.85198 3.1098 -0.140231
3.07688 3.03013 -0.0778805
2.91649 2.86978 0.000879452
2.86296 3.1863 -0.133106
2.85097 3.05983 0.0690857
2.82972 2.84791 -0.10055
2.95911 3.10588 -0.00568746
2.81111 2.92122 0.0357182
3.01487 3.00577 0.14454
2.85888 3.13544 0.125774
2.93966 2.85176 0.00684266
3.02833 3.16003 -0.106011
3.14735 3.16089 -0.000511229
3.01574 3.1813 -0.186775
3.00136 2.86827 0.113945
2.95294 2.9901 0.121024
2.95922 2.99904 -0.113869
3.11179 3.10722 0.0196152
2.81627 3.0953 0.0159114
3.1426 2.99171 0.0327315
2.82422 3.1925 -0.195231
3.16287 3.0093 -0.11886
2.84678 3.10104 0.0160451
2.94658 3.05266 0.151924
2.87132 3.11957 -0.10996
2.82229 2.98323 0.159389
2.81422 2.87983 -0.0115202
2.95661 2.85692 0.0477723
2.98904 2.80809 -0.0978758
2.90078 3.01545 -0.16335
3.18064 3.14037 0.172813
2.87067 2.94162 0.168891
2.87794 2.88202 -0.0698381
3.00194 3.04154 0.147443
2.99954 3.16225 -0.114211
2.80599 3.0978 0.120937
2.92005 3.09551 0.0409593
2.84708 2.94943 0.147263
3.14615 3.19843 0.0555709
2.95238 2.85888 0.0960607
3.11612 2.94584 -0.151463
3.06278 2.82782 0.021486
3.14026 2.99515 -0.187544
3.00721 2.90179 0.139838
3.06939 3.12944 0.0503377
2.83272 3.18517 0.0100029
3.13241 2.85078 0.0154984
3.17397 3.12844 -0.185671
3.12396 2.88511 -0.154617
3.06632 3.03383 0.0197506
2.96738 2.83519 -0.157018
3.12284 3.04102 0.0107156
2.93806 3.1122 -0.0973553
2.90941 3.06907 0.0302391
3.13679 2.92401 -0.161239
2.95628 2.97315 0.0847412
2.92893 2.86274 -0.14115
3.04628 2.82937 0.0630274
3.02263 2.97251 0.00448394
2.84923 3.03851 -0.171394
2.90969 3.05854 0.119749
3.00353 3.00639 -0.0655435
3.16087 3.1551 -0.0705614
3.05332 2.91621 0.000179052
3.16189 2.8322 -0.176057
2.9301 2.85474 0.0799625
2.94207 3.17274 -0.0334433
3.03553 3.09361 0.134129
2.92754 2.92691 -0.152463
3.17879 2.96837 -0.0788251
3.08759 3.17465 -0.0580371
3.11556 3.11847 0.0722243
2.83588 3.06315 0.167553
2.94168 2.81715 -0.144508
2.9453 2.99016 -0.0563865
3.15458 2.87675 0.00924265
3.07857 3.10629 0.0615922
2.87315 2.89421 -0.0391457
3.05928 2.98294 -0.175747
2.95714 3.1726 0.0392491
2.99811 3.05976 0.142085
2.97257 3.12503 -0.0291649
2.93736 2.89616 -0.121698
2.82938 2.80541 -0.00623365
2.95813 2.87089 0.135867
3.11043 2.8277 0.135617
2.88958 3.12737 0.141427
3.01148 3.17392 -0.188531
3.01829 2.86613 0.0287875
2.85722 3.18715 0.17517
2.88593 3.0389 0.119237
3.07711 2.89482 -0.083377
2.93286 2.94614 -0.0616498
2.9538 2.95536 0.14828
3.07723 3.17178 -0.195299
2.80041 3.06949 0.0373845
3.14293 3.07208 -0.168308
2.84529 3.15266 0.150275
2.92194 2.95459 -0.0348451
2.83958 3.04965 0.0533978
3.14894 2.92579 -0.0626222
3.14985 2.93228 -0.0288107
2.88675 2.92448 -0.115336
3.19972 3.11087 -0.14055
2.86018 2.98706 -0.0936226
2.90353 3.05163 -0.115981
2.86782 3.00069 0.111648
2.93457 2.82679 -0.114579
3.16533 2.90414 -0.0666158
2.89667 2.91375 0.0870484
2.91375 3.01517 -0.148078
3.12858 2.8955 0.153579
2.89897 2.93042 0.0544638
3.05845 2.87666 -0.0285087
3.1086 2.94421 0.0518904
3.16247 3.08298 -0.0875661
3.12395 2.83674 0.114556
2.91979 3.1955 0.0906249
3.10453 2.94738 -0.115362
2.90345 3.17407 -0.0402898
3.0395 3.15916 -0.130912
3.02612 2.87124 -0.0219538
3.00971 2.85177 -0.181156
2.81722 2.85172 -0.189315
2.94836 3.027 -0.0236432
3.10282 2.82114 -0.181019
2.81055 3.04879 -0.0701038
2.89912 2.95169 -0.170043
3.17954 3.17325 -0.142016
2.95778 2.9737 -0.1848
3.16573 2.82298 0.00111893
2.81848 3.15016 0.111285
3.18761 2.82111 -0.136187
3.09285 2.9935 -0.196806
3.00229 3.14156 -0.0230647
2.99883 2.94627 0.0374356
2.9937 2.88992 0.071936
3.09211 2.96143 -0.150104
2.96891 2.81422 -0.154901
2.84655 3.18921 0.135165
3.18737 3.11535 0.169245
3.13637 3.14532 0.100917
3.01846 2.95985 0.195963
2.93479 3.16548 -0.0405308
2.86929 2.88944 0.018828
3.10152 3.04028 0.0986443
2.93009 3.09354 0.0173834
3.14139 2.89815 0.142439
3.09795 2.85188 -0.163028
2.96659 3.16927 -0.0879474
2.8633 2.8227 0.173374
3.05741 2.92403 0.117781
3.12871 3.02011 -0.0658792
2.86511 2.86042 -0.108311
3.00635 3.06887 0.0358617
3.03059 3.14753 0.149339
2.93546 3.00874 0.154653
2.96652 3.1546 6.4373e-06
3.18871 3.07837 -0.025258
3.19049 2.98914 0.0183795
2.89937 3.08319 0.182433
2.94443 3.04713 0.179504
3.0448 3.12029 -0.124455
2.88688 2.98748 0.19517
2.92219 3.02478 0.144724
2.99206 3.17437 -0.0151271
3.0748 3.00011 -0.116177
3.18613 3.06223 0.0318844
2.86144 2.9822 0.0515324
3.1346 2.97493 0.0127118
3.18618 3.07538 0.0807935
3.1686 2.916 0.0815374
2.8268 3.08518 0.0238411
2.94389 3.0189 0.0156089
3.12608 3.17464 0.108098
3.03201 2.90776 0.0470587
2.9914 2.90964 0.112579
2.84764 2.98747 -0.128639
2.88046 3.11218 0.0974479
3.0393 2.92071 0.190222
2.80652 2.90602 0.0102479
2.82315 3.11991 -0.0450809
3.06505 2.9589 0.122012
3.04262 3.13532 0.113795
2.82418 3.16849 0.185217
2.81823 3.12033 0.0214838
3.1279 2.9057 0.0873406
2.99208 3.11648 -0.0759707
2.89679 2.96242 -0.0657694
2.98062 3.09461 -0.0742783
2.86895 2.8137 -0.0688945
3.07957 3.01963 -0.195621
2.91475 3.13515 -0.185011
3.10821 2.85395 -0.0874267
2.85508 2.92214 -0.0747741
2.8594 3.01358 -0.107256
2.88952 2.96109 0.180954
2.91278 2.86441 -0.147248
# Faces
