# Cleaned mesh
1408 0
# Vertices
-0.0890583 0.0292132 0.0296958
-0.0295043 -0.191369 0.194864
-0.172859 0.0100597 0.108726
-0.0253778 -0.16124 -0.122197
0.123674 0.158941 -0.114135
0.0103195 0.122684 -0.0113398
-0.128774 -0.0908066 0.033779
-0.0198687 -0.152495 0.147805
-0.0151322 0.195335 0.181267
-0.0609784 0.00515623 -0.123821
-0.0799367 0.12469 -0.0982887
0.19101 0.0685641 0.0576977
-0.0326758 -0.133369 0.00277039
0.0591703 -0.0215538 -0.176857
0.135907 0.0523414 -0.036877
-0.0253955 0.175133 -0.196505
0.0865365 -0.0516076 -0.0137221
0.0119632 0.0378244 -0.102145
-0.119338 -0.162152 0.00580621
-0.176124 0.04137 0.176904
-0.0160155 0.181568 0.10468
-0.104183 0.0383143 -0.0948513
0.168863 0.141402 0.0127857
-0.0739636 0.101473 0.10947
0.181912 -0.0828435 0.088417
0.0818101 -0.105717 0.0229107
-0.183545 -0.156745 -0.0599604
0.179843 0.191707 0.0687227
-0.0731567 -0.0586696 0.19874
0.080579 -0.165411 -0.0459532
0.0286016 -0.0435535 0.148489
-0.109941 -0.0358153 -0.127842
0.0527915 0.0327385 0.167291
0.145221 0.0306429 0.0857084
-0.121238 -0.151326 0.0168717
-0.0936141 0.0491579 0.176505
0.189315 -0.120861 -0.154939
-0.157601 -0.0770222 0.106339
0.186057 -0.0049251 -0.197473
-0.110417 -0.147943 0.012026
0.0487889 -0.0701886 -0.178893
-0.062928 -0.150548 0.0265448
-0.13216 -0.126931 0.133142
-0.08374 -0.0892459 0.00377922
-0.154091 0.120046 0.0564225
-0.132779 -0.185509 -0.154289
0.00224788 -0.182771 -0.119948
0.134278 -0.119234 0.0294903
0.127601 -0.0091134 0.0217089
0.172049 -0.0903577 0.00159982
-0.0824097 -0.162787 0.195035
0.0268703 0.178363 -0.0372761
-0.103013 0.155257 -0.0956454
0.178631 0.164363 -0.0178107
-0.19137 0.0252376 -0.0925737
0.0489289 0.182481 0.0775257
-0.089429 -0.180929 -0.0900587
0.0907965 0.153899 -0.0395788
-0.109189 0.198048 0.193672
-0.108035 0.0842044 -0.165628
0.134704 -0.0694809 -0.0694674
0.161235 -0.176795 0.167194
-0.196787 0.110546 0.0310453
0.123301 -0.0458255 0.127293
-0.101404 -0.170182 0.154894
0.166935 -0.194308 -0.103306
-0.135065 -0.106553 -0.0330632
-0.0982088 -0.10047 0.0105554
-0.0929318 0.0875587 -0.0302106
-0.183406 0.106708 -0.187956
-0.100572 0.163973 -0.143378
-0.157243 0.123429 0.0974233
0.190874 0.0454236 -0.177381
0.104277 -0.088576 -0.159888
-0.195009 0.0356427 -0.0458587
-0.0277482 -0.0638245 -0.173414
-0.064412 -0.154974 -0.179316
0.00300217 -0.0608655 -0.0739573
-0.127039 -0.00491779 -0.193421
-0.0204684 0.0391047 0.0110775
-0.141381 0.198495 -0.0256078
0.170686 0.00649485 -0.0578441
0.0647419 -0.169609 -0.154588
-0.00296426 -0.17998 -0.0388117
-0.188558 0.157418 0.0993758
-0.195133 -0.108466 -0.180512
-0.162504 0.113771 0.0747076
0.0482158 -0.112358 -0.0961678
0.0369464 0.0348229 0.128983
0.0808072 -0.121732 0.195331
-0.0653116 0.0723863 0.0441171
0.171938 0.0526743 -0.16663
-0.0451671 -0.0452643 0.193461
0.033813 -0.164295 0.0264478
0.128052 0.0402108 0.139076
-0.131168 0.0121138 -0.125424
-0.112644 0.175187 0.0206492
0.113345 -0.0628612 0.199961
-0.0374284 -0.0874906 0.125649
0.187559 0.0809828 0.0200886
-0.176555 0.0772924 -0.0652711
0.0176554 -0.104744 0.160364
-0.0896479 0.0449225 -0.115879
0.0566734 -0.18821 -0.0788745
0.138148 -0.0771978 -0.0581007
-0.038291 -0.158987 0.0881836
-0.138347 -0.000336796 -0.0207526
-0.155683 0.00610837 -0.0902141
0.0685865 0.101436 -0.180038
-0.0270716 0.025893 0.193652
0.183374 0.168648 -0.130433
0.108811 0.0604019 -0.0855551
0.00627217 -0.16847 0.139454
0.125454 -0.0495232 0.0801463
0.0223593 -0.0300713 0.197364
-0.170381 0.0766795 -0.080298
-0.043855 -0.111009 0.0485085
0.140237 -0.181662 0.00813143
-0.0364072 0.0988377 -0.0788312
-0.0623171 -0.074327 0.142553
-0.0977667 -0.0441033 0.0797347
0.097482 -0.0362269 0.0182559
0.0173062 0.180461 -0.182769
0.0717333 0.196593 0.107947
-0.008397 0.106023 -0.135847
0.116148 0.0312443 -0.069509
0.153273 -0.0981639 0.0546923
0.0569645 0.0971297 0.192357
3.0599 0.160673 0.0859718
2.97745 0.158849 0.115384
2.87415 -0.170588 -0.0181178
2.89535 0.188555 -0.0922769
2.88869 0.0836159 -0.193955
3.19068 0.197657 0.0693845
2.86271 -0.0311567 -0.0651085
2.93899 0.0367061 0.0221875
3.06562 -0.150389 -0.154105
2.82225 0.148053 0.023503
3.05629 0.0824511 0.196855
2.97555 -0.146192 -0.134412
3.07969 -0.150662 0.0347648
3.19765 -0.014754 -0.130906
2.94542 0.0086778 -0.16371
3.14299 -0.0807289 0.0256706
2.81851 -0.0933161 0.150855
2.85734 -0.170681 0.103515
2.85613 -0.0496793 -0.106757
2.87871 0.199205 0.0434687
2.96073 0.131311 -0.0990845
3.04192 -0.186881 -0.00811148
2.83787 0.016344 0.100259
3.04827 -0.00337122 -0.0220905
3.13207 -0.0255006 -0.133563
2.83207 0.0577439 0.0220606
2.925 0.113166 0.0590013
2.98083 -0.0459144 0.125367
2.82945 -0.0572049 0.0290394
3.05538 -0.100712 -0.19378
2.84583 0.0950484 0.18922
2.81659 0.110801 -0.103654
2.84024 0.134752 0.0885355
2.9653 -0.151407 0.0764809
2.93423 0.0699071 -0.169165
3.13568 -0.058478 0.142586
2.80511 0.173536 -0.195128
3.11743 0.0784454 0.194196
2.93013 0.182703 -0.175703
2.9812 -0.078439 -0.00579238
3.00334 -0.105161 -0.0672548
3.1518 -0.0701833 0.174735
3.08031 0.11739 0.108073
2.95635 0.144091 0.15049
3.08084 0.147607 -5.55813e-06
3.00133 0.0510618 0.133834
3.15722 -0.16277 0.150561
3.09953 0.0636035 0.0668357
2.93927 0.194292 -0.0465831
2.85329 -0.165243 0.15361
2.82609 0.102652 -0.172459
3.05142 0.153171 0.0971263
3.00232 -0.189947 0.111017
3.13077 -0.189322 0.153807
3.16276 -0.0566207 0.0952131
3.17749 0.173494 0.166474
3.05443 -0.098883 0.172494
3.05588 -0.186212 -0.0665349
3.07943 0.0278548 0.125408
2.91258 0.0286876 -0.0806276
3.02592 0.132157 0.113566
3.09292 -0.0571053 -0.00869951
3.13894 4.33475e-05 0.0233804
3.18082 0.00145185 -0.0620593
2.89877 0.0641282 -0.180765
2.90553 0.162411 -0.121808
2.83472 -0.0209847 0.119836
2.93602 0.191667 0.178768
3.0178 -0.115413 0.0999006
2.82536 -0.180219 -0.099055
2.83815 0.102538 0.185752
3.17433 0.146785 -0.0897827
3.07031 0.00243056 0.00207207
2.95353 0.0379275 -0.123477
2.92302 -0.0865752 0.135622
2.83736 0.0596168 0.112195
3.12707 -0.171517 0.116564
2.96918 -0.0867947 -0.0177731
3.16104 0.153011 0.129564
2.86437 -0.0580962 -0.196202
2.81665 0.171999 0.00321749
3.16133 0.0399019 0.0521644
3.18401 0.162763 -0.0265387
2.89224 0.00138001 0.0939162
2.94295 0.197165 -0.0885313
3.19875 0.125581 -0.115486
3.09374 0.198563 -0.0416137
2.8705 0.116084 -0.139702
3.13967 -0.070486 -0.0452206
2.87294 -0.0583037 -0.169446
3.05378 -0.127004 -0.0869544
2.97126 -0.0874658 -0.0316515
3.1418 0.00258879 -0.09968
3.175 -0.198837 0.132649
3.11572 0.162089 -0.0205448
2.88382 0.188142 -0.0493174
3.00669 0.133703 0.157111
3.17623 -0.163832 -0.0252651
2.95016 0.0441547 -0.0302298
3.12065 0.156701 0.087108
3.01757 -0.179311 -0.167417
2.93843 -0.17423 0.129126
2.84126 -0.136022 -0.0932805
3.19627 0.159091 0.08969
3.06966 -0.0460814 -0.0341104
2.91293 0.0242807 -0.139124
2.99727 0.0205731 -0.183656
2.86641 0.0476716 -0.0106426
3.03526 0.124041 -0.0987652
3.04159 -0.134694 0.0934786
3.14164 -0.196258 0.0239249
2.92209 0.129952 0.193969
3.1094 0.0518405 0.156384
2.83365 0.0604606 -0.0988789
3.05133 0.106533 0.168457
3.13823 0.00735143 0.0837285
2.85508 0.0619315 0.0388027
3.06061 -0.00131431 0.180834
2.83904 -0.0934872 0.0697059
2.81188 0.0989977 0.116727
3.04918 -0.148492 0.129111
2.93346 0.0983402 0.120143
2.85265 -0.036778 -0.156685
3.01163 -0.142735 -0.162
3.04708 -0.179333 -0.114842
2.98985 0.124549 -0.0701103
3.0122 0.154784 0.175546
2.96012 -0.121398 -0.168101
6.16523 -0.0979015 -0.0842398
5.9729 0.154431 0.146869
5.91572 0.078299 -0.0316695
5.84185 -0.000126094 0.0187664
6.08554 0.137709 0.134874
5.81731 0.199188 -0.00032863
6.17707 -0.191179 0.0834203
5.82083 0.0617594 -0.176099
6.05945 0.100612 0.151609
6.14397 -0.171395 0.101989
6.09142 0.162727 0.00949249
6.19137 0.121896 -0.0219715
6.18001 -0.0794449 -0.0271154
6.05279 0.124754 0.00141089
6.16516 -0.169622 -0.185089
5.83101 -0.184126 -0.0210859
5.99814 0.0250413 -0.0996348
6.0226 0.0213557 -0.0615599
6.1962 0.124657 -0.0462698
6.11467 -0.0630577 -0.142818
6.19739 0.0852243 0.0163818
6.06873 -0.181067 0.0235719
6.07015 -0.153147 0.145938
6.19303 -0.0299887 -0.0901455
6.06406 -0.0407992 -0.147404
6.14656 -0.0824916 0.09048
5.89361 -0.0918036 -0.145012
6.01097 0.0227284 0.0592068
6.14864 0.161266 -0.16572
6.07343 0.0926625 0.164118
6.16745 0.0446238 0.120871
6.12328 0.149129 -0.15224
6.03844 -0.093318 -0.19235
6.0912 0.062896 0.155579
6.07598 0.178478 -0.168928
5.82319 -0.197678 0.088534
5.80722 -0.0943516 -0.154561
5.99652 0.145536 0.173281
6.05568 -0.126333 -0.124982
6.02177 0.120749 -0.13587
5.88242 -0.106545 -0.157996
6.14516 -0.147603 -0.0949588
5.90241 -0.083042 0.0810597
6.01213 0.02096 0.103595
6.07927 0.0289641 -0.0609155
6.04245 -0.0849241 0.0235572
5.99705 -0.0510001 0.166726
5.90312 0.170009 0.145223
5.9555 -0.194593 -0.060229
5.81743 -0.110139 -0.0349596
6.1103 0.172171 -0.197596
5.99316 0.17742 0.102695
5.81983 0.110523 0.15779
5.88072 -0.0705777 0.189814
6.15602 0.0501912 -0.071153
6.08472 -0.159436 -0.0957361
5.8144 -0.0353092 0.156859
6.10879 -0.130997 -0.168388
5.93634 -0.129353 0.164026
6.07071 -0.0234129 0.0234055
5.94624 -0.0184769 0.0282462
5.82116 0.0851633 -0.0723153
5.84223 0.0415233 -0.123716
6.0968 -0.12362 -0.0996956
5.81263 0.0461083 -0.175943
5.87132 0.162606 0.0275358
5.9161 -0.044389 -0.0703733
6.11545 -0.0561327 -0.00950634
5.80392 -0.172948 0.0166941
6.15327 0.18248 -0.0999862
5.87378 -0.0471451 0.156529
6.01959 0.0334127 0.0541867
5.8409 -0.0914536 -0.0861686
6.0677 0.0780612 0.0310154
5.98137 0.179392 0.0834107
5.86656 0.0183607 -0.114342
6.17349 -0.0265459 -0.197522
5.903 0.177133 0.070803
5.86021 0.0918316 -0.0294943
5.92716 -0.183855 -0.174314
5.87924 -0.0607745 0.0321949
5.96583 -0.157584 0.0347632
5.97491 0.0873575 0.0479847
5.99954 -0.195685 0.103457
6.01236 -0.0254408 0.0384993
6.01181 -0.1088 0.121124
6.16166 -0.184065 0.0427497
6.17869 0.0603258 0.0486283
5.98252 -0.1026 -0.183129
5.8645 -0.0737537 -0.0390712
6.17904 -0.0293238 0.0196478
5.88733 0.109539 -0.169635
5.96166 -0.0115219 -0.118717
5.87209 0.0861971 -0.126615
6.0753 0.0623082 0.189482
5.91933 0.161425 -0.141322
5.81219 -0.187299 0.103626
6.15683 -0.119064 -0.183234
6.17528 0.0886616 -0.0189007
6.16217 -0.167549 -0.0910199
6.1318 0.156718 0.162129
6.16173 -0.118342 -0.147342
6.09548 0.154766 -0.000318483
6.02287 0.17511 -0.180251
6.13927 -0.125206 0.129963
5.92138 -0.0967275 -0.0909385
6.06421 0.0757288 -0.177431
6.15018 -0.0180755 0.124307
6.14713 -0.0130771 -0.00326332
6.18453 -0.013075 0.169695
6.15179 0.0223254 0.0569874
5.80626 0.0984211 0.19181
6.0702 0.0619036 0.0345624
5.83293 -0.0852484 -0.0198864
6.0881 0.0232745 -0.0214216
5.87452 0.159156 -0.0275343
6.18359 0.0714805 -0.0340195
6.1249 -0.0999899 0.176852
5.97001 -0.124269 -0.172865
6.0864 -0.0261447 -0.189945
5.8538 -0.104354 0.143435
6.19049 0.00243096 0.152784
6.18754 -0.00922653 -0.0056542
6.02004 -0.121756 -0.169099
6.04918 0.107467 0.145799
5.98822 0.109139 0.0124589
5.8089 0.198571 0.0120782
6.1877 -0.181113 -0.0863517
-0.0717565 2.04638 -0.00628687
-0.125817 2.1358 -0.066526
-0.0844225 2.06341 0.119909
-0.110782 1.97944 -0.0188595
0.0747129 2.00842 -0.0718575
0.00677431 1.82127 0.172609
0.0333848 1.94109 -0.00433549
-0.0762161 2.13063 -0.0400647
-0.0523342 2.17986 0.195846
-0.106103 2.0071 -0.0703937
-0.00795078 2.04222 -0.126791
0.0455225 1.99389 0.0193215
-0.17968 2.0072 0.159071
-0.0564003 1.96546 -0.073163
0.0888501 1.99184 0.124747
-0.11465 1.98094 0.123744
0.158153 1.81685 -0.100403
0.191081 1.93991 -0.149144
-0.0884801 2.01373 0.170482
0.159613 2.18265 -0.0298841
0.187432 1.91118 -0.0082916
-0.194897 2.04781 0.0668359
0.0664624 1.97839 0.182894
-0.177413 2.16019 0.0998938
-0.0676448 2.00707 -0.0897053
0.166987 2.18479 0.155946
0.0408189 1.96253 -0.146719
-0.0137927 1.95096 -0.144969
0.117665 1.90223 -0.038149
-0.0103576 2.12398 0.000766039
-0.132253 2.07086 0.0647791
-0.02558 2.15887 -0.0107209
0.00974409 1.99005 -0.0860654
-0.190672 1.92887 0.0925898
-0.0387629 1.83683 -0.113266
-0.120327 2.18455 0.150345
-0.0697752 2.03723 -0.0473214
0.0102193 2.06111 0.185332
-0.175061 1.8711 -0.0525769
-0.120511 2.13063 0.0302321
0.0052568 1.87359 0.0807743
0.00468627 1.81503 -0.142366
0.162578 1.99791 -0.188001
0.0272228 1.99803 -0.153968
0.171876 1.89072 0.115636
-0.0764248 2.10314 -0.105055
-0.148509 1.8389 -0.106858
0.0589637 2.02385 0.122776
-0.0296275 2.01323 -0.0776543
0.00097616 2.13697 -0.0253679
-0.102057 2.11863 0.125101
0.0624907 1.92197 0.0525458
-0.0549582 2.17385 -0.100379
0.154867 2.16887 -0.00276463
0.101092 2.14378 0.183204
-0.127304 2.11983 0.0151646
-0.177374 2.1033 0.122446
-0.0876711 2.10544 0.0662532
-0.0982771 1.97091 -0.120334
0.128251 2.10661 0.129998
-0.0124982 1.9885 -0.13506
-0.120417 1.91912 -0.120291
-0.121232 2.16154 0.110717
0.163119 2.0333 0.171318
0.1423 1.98142 -0.126001
0.199889 1.93397 0.0560914
-0.0102621 1.84105 -0.19142
-0.0769483 2.16869 -0.00971055
-0.0648422 2.18436 0.130841
-0.169928 2.16201 0.0751042
-0.0513526 1.94882 0.0811137
0.0569509 2.14325 -0.0766737
0.126604 1.83441 0.0949523
-0.124005 1.90986 0.131388
0.146241 2.09144 0.0133192
0.0454131 2.10011 0.0882882
0.0875474 2.19558 0.17336
-0.133618 1.99443 0.117227
0.114228 1.85194 -0.0352154
0.137912 1.97805 0.104581
0.0674274 2.01437 -0.0706796
-0.169096 1.98659 -0.0998209
-0.147584 1.89433 -0.137002
0.154488 1.90916 -0.180734
-0.0368565 2.02946 0.192178
0.0818489 2.04357 0.138237
-0.197973 2.06062 0.0754472
-0.135843 1.99999 -0.0623951
0.129391 1.80178 -0.17431
-0.0803169 2.10287 0.177818
0.0495787 2.08747 -0.132465
-0.141358 2.027 0.10039
-0.170665 2.17259 0.156632
-0.184455 1.86994 -0.153805
0.145712 2.0288 -0.169833
-0.165126 2.1228 0.0731607
-0.180555 2.05281 0.0622837
-0.0761951 2.18954 -0.136594
0.0207584 2.16935 -0.0431132
0.0142934 1.95619 -0.0884471
0.199448 2.13214 -0.0751417
0.135807 2.06255 0.195507
-0.155486 2.08123 0.198804
0.119148 2.13934 0.0828865
0.0940446 2.03444 -0.0216206
0.0365569 2.14784 0.0914868
-0.117739 1.81073 0.0546171
0.0143047 2.0514 -0.0176382
-0.103896 1.9375 -0.0432703
-0.133818 1.94254 -0.194476
-0.15431 2.17817 -0.102797
0.083556 2.13726 0.0575583
0.125112 2.1242 0.182442
0.0414552 2.19179 -0.172719
0.129661 1.90016 0.115556
0.11974 1.98235 -0.066515
0.00466558 1.9244 -0.153226
0.0267357 1.90671 0.0930335
-0.0760198 1.88105 -0.0837106
-0.13957 1.99083 -0.14357
-0.101209 2.18485 -0.0922969
-0.160481 1.80805 0.0567891
0.0834702 2.15696 -0.0706813
0.067528 2.13119 -0.0989207
0.199309 1.86896 -0.159884
0.0606632 1.81243 0.122269
-0.115286 1.85688 0.119397
0.0162663 1.83602 -0.188044
2.87828 2.18227 0.197099
2.81386 1.88844 -0.147074
2.95393 1.86288 0.129855
3.08306 1.90812 0.0382409
3.11767 2.124 0.0489577
2.9983 2.09888 -0.15712
3.03341 1.97978 0.196858
2.82819 2.02014 0.134332
2.98962 2.14792 0.140841
2.86377 1.8529 -0.0853776
3.10206 1.98413 0.0674603
2.83402 1.81245 0.0659107
2.95717 2.02413 0.13182
3.10062 1.86771 0.0550904
3.19525 1.877 -0.0461093
2.95047 1.9989 -0.00560638
3.16979 2 -0.00145184
3.07997 2.05025 0.016535
2.80712 1.95984 -0.0660311
2.94466 1.92539 -0.159029
2.88654 1.94678 0.10363
3.16934 1.97635 0.174805
2.98326 2.04278 0.0310711
2.80005 2.15134 0.109526
2.87415 1.99313 0.0793407
2.87559 1.95385 0.0206402
3.14458 1.9772 0.102871
3.17157 2.04008 -0.0140484
3.07046 2.19997 0.0679599
2.9823 2.01798 0.178603
2.88524 1.93432 0.140489
2.92002 1.98387 -0.00283645
3.13124 1.9692 0.153051
3.03811 1.89481 0.010701
2.87707 2.15302 -0.160392
3.03442 2.09988 -0.00212194
3.05669 1.91921 -0.091007
2.97352 2.00307 0.156883
3.05035 1.85039 0.0956493
3.01025 2.02058 -0.0952161
2.95153 2.11488 -0.0399348
3.18802 2.18867 -0.107723
3.07695 1.86772 0.133258
3.16493 1.81855 -0.0488067
3.09752 1.85488 0.109215
3.01089 2.08826 0.16596
2.99281 2.0511 -0.0314959
2.84403 2.1395 0.179722
2.85354 2.02996 -0.161632
2.83803 1.93154 -0.197185
3.00664 1.80116 0.0450108
2.98295 1.85225 -0.157901
2.95526 2.01364 -0.116837
2.96858 2.1786 0.0445271
3.13914 1.931 -0.178582
3.19925 2.15263 0.0659495
2.98538 2.07874 -0.00654925
3.05919 1.9016 -0.0243155
3.19249 1.87089 0.136864
3.17221 2.00986 0.00273927
3.02672 2.03637 0.0957753
3.18238 2.08474 -0.0298036
3.02827 1.99436 0.0652463
3.02013 2.13832 -0.0589523
2.87007 1.82364 -0.157409
2.85125 2.15291 -0.0816953
2.86201 2.13804 0.150533
2.99975 1.87852 0.191851
2.93433 1.97781 0.0986924
2.83328 2.00299 0.118557
2.83914 2.16498 -0.0707207
2.92836 2.10217 0.0448859
2.8404 1.92564 -0.0597787
3.00764 2.02024 -0.0989606
2.93442 2.07708 0.151685
3.01927 2.00174 0.161909
2.85857 1.84616 0.105251
3.14498 1.93901 -0.066304
2.96573 2.11889 -0.061419
3.1462 1.80891 0.0690821
2.86133 1.8279 -0.0172697
2.91357 2.13538 -0.127346
3.18362 1.85204 0.175702
3.10912 1.92669 0.149673
3.17693 2.18884 -0.107108
3.18531 2.12042 0.0152018
2.95343 1.97582 0.00700155
3.08982 2.13837 -0.036991
3.06892 1.98964 -0.159547
3.03633 2.03494 -0.103322
3.14927 1.83504 -0.177689
2.95705 1.96799 -0.175037
2.99353 2.18734 -0.0192786
2.98308 1.92263 -0.0716561
3.00719 2.16928 -0.192775
2.84699 1.85427 -0.0256184
2.82193 2.17915 0.0611247
3.15487 2.18574 0.143825
2.84237 1.94099 0.101517
3.02437 2.04807 -0.0358987
2.93597 1.92525 0.166905
2.90447 1.81559 0.180553
3.14652 1.98233 0.0547333
3.13847 2.07634 -0.181213
2.9594 2.15621 0.0459409
3.04981 2.16482 -0.0452278
3.0174 2.1617 0.0759235
2.8724 2.18207 0.170611
2.99503 1.99396 -0.165667
2.91008 2.18831 0.157599
3.00336 1.9266 -0.0693034
3.11733 2.16535 -0.145565
2.94461 1.93741 0.0552824
2.90956 2.04596 -0.083747
3.06635 1.90931 0.0960466
3.05378 1.81384 -0.108982
2.92238 2.06225 -0.141723
2.87818 1.82575 0.0229369
2.85769 2.09592 0.160063
2.97296 1.81829 0.0354706
2.90651 2.04977 0.117065
3.18688 2.0167 -0.024544
2.95972 1.8156 0.0279262
3.10165 1.82648 0.0240998
2.8968 1.98707 0.0583434
2.95054 1.9229 0.171485
3.02208 2.00887 0.0976404
2.90558 1.93057 -0.158536
5.88391 1.85497 0.1361
6.02454 1.86916 0.123552
6.18816 2.16042 -0.0285989
5.80046 2.1007 0.0773392
5.80353 1.94188 0.113357
6.12776 1.85303 0.115096
6.14408 2.09639 0.0892438
5.88597 1.9836 -0.0558211
5.83731 2.04136 0.0809526
5.89201 2.13087 0.104732
6.11369 1.87892 0.0513659
5.86086 1.93403 -0.148257
6.03077 2.01869 -0.155137
5.85022 1.99223 0.0855163
6.15153 2.05021 0.188153
6.14469 1.97419 0.123229
5.88073 2.17428 0.0784532
6.08226 1.81026 0.195803
6.07801 2.16622 -0.0590309
5.98592 1.86508 0.0634529
5.85414 1.91116 -0.183506
6.1266 1.96839 -0.0576491
5.99289 2.06531 -0.0467817
6.18443 1.8809 -0.189808
6.03414 1.83815 -0.103822
6.10203 1.91922 0.0251799
6.15736 1.85347 0.0296721
5.81398 1.96458 0.160931
6.07793 1.94063 -0.0657927
5.80025 1.90685 0.0270923
6.07511 1.94743 0.00514844
6.02232 1.83692 -0.0128775
6.02521 2.10808 -0.0145409
6.16342 2.08233 0.0493434
6.12725 2.14054 0.0679433
6.09212 1.87378 -0.162702
5.83609 2.04517 0.187985
5.88318 1.83744 0.0580787
5.81576 2.0666 0.191449
6.01858 2.1638 0.189388
5.93159 1.92128 -0.180034
6.15233 2.02666 -0.0852878
6.03277 1.92248 0.125827
6.11963 2.01144 0.0240032
5.9001 2.1476 -0.179058
6.06631 2.19987 -0.0942225
5.99567 2.15903 0.0862253
6.01438 1.83224 0.0876082
5.9614 2.17198 0.0457096
5.86886 2.07192 -0.138788
6.10117 1.87002 -0.085706
6.16723 2.0719 0.090617
5.91994 2.18913 -0.192185
6.13419 1.89048 -0.0441256
6.00625 2.00673 -0.0616411
6.159 2.11666 -0.0581654
5.9335 2.19885 -0.00024128
5.84005 1.82578 0.0300587
5.96414 2.00319 0.174685
5.80598 2.01228 0.0785852
5.95876 1.8179 -0.133137
6.10371 2.09783 0.0419875
5.815 2.11593 0.192644
6.09596 1.97665 0.181609
6.16306 2.06037 0.0200103
5.81912 1.83864 0.0836412
5.80707 2.14097 0.189773
5.99525 1.85111 0.0779887
6.09017 2.16453 -0.148549
5.9877 1.99576 -0.11512
6.11828 1.97112 0.00999495
5.9852 2.03438 -0.197383
5.88129 2.15889 0.0398021
5.95472 2.17566 0.0501598
6.0258 2.08466 0.187268
5.89931 1.81446 -0.00702345
6.18055 1.95318 0.0421071
5.8185 1.84514 0.127752
6.05551 1.90538 0.0973903
5.86169 2.19955 0.162658
6.17128 1.9928 0.183943
6.11543 2.08007 0.199194
6.15687 2.09211 0.049959
5.91353 1.99898 0.162247
5.89144 2.05714 0.01833
5.92125 1.80401 -0.185336
6.0431 1.9889 0.17665
6.00231 1.98737 0.0960883
5.81185 2.05335 -0.119851
5.95548 2.19804 -0.095386
5.894 1.94807 -0.0878715
6.03348 2.02831 -0.105235
6.18128 1.95482 0.032064
6.03515 1.93416 0.182306
5.97584 1.84297 -0.0442842
5.81304 1.94474 -0.088113
6.04399 2.14004 0.0162648
5.99734 1.90229 -0.0171424
6.1747 1.8296 0.0349829
6.09497 1.82728 -0.0826998
6.0231 2.15829 -0.109509
6.04086 2.09545 0.183075
6.04507 2.07861 0.16318
6.10882 2.11033 0.0379783
5.89823 1.92249 0.122332
6.0859 1.93996 0.0740701
5.90076 2.06606 0.103463
6.02287 2.05573 -0.0764986
6.01002 2.13037 0.0794654
6.07684 1.82271 0.0777595
6.04051 1.99461 -0.185838
6.05147 2.01394 0.0595812
6.12787 1.90127 0.0671129
6.12157 2.04022 0.00299659
5.84321 1.88264 0.105728
5.9222 1.97926 -0.0390507
6.09143 2.05519 0.144936
6.13966 1.81459 -0.0593941
6.13479 2.12836 0.124345
5.96591 2.14027 -0.195872
6.03245 1.9636 -0.120966
5.8825 2.08024 -0.0657503
5.94119 1.82029 -0.0233819
5.97645 1.87911 0.136948
5.97242 1.97075 -0.154498
6.10062 1.93905 -0.0142137
5.9631 1.82935 0.121326
6.01285 2.12014 0.0128431
5.84088 2.12938 0.143229
6.17228 1.9274 -0.143332
5.94791 1.81759 0.0867126
6.03436 2.1409 -0.117861
6.18453 2.14952 0.0669195
6.03248 1.93992 0.0489762
6.07557 1.85719 0.0859449
6.15967 2.17958 0.0855214
5.90345 2.1299 0.106911
6.04765 2.09775 0.0443078
6.15026 2.14133 0.132888
5.92498 2.03871 -0.197955
6.11364 1.99026 0.192981
6.17783 2.19062 0.175784
5.93934 2.15052 -0.0383749
6.10506 1.89956 -0.127567
6.02015 2.06225 0.0175853
6.15958 1.99384 0.0408096
5.90046 2.09242 0.175534
6.06979 2.0145 0.122718
6.03591 2.13264 0.0306524
6.07833 1.84327 0.0629244
6.17986 1.97923 -0.169257
6.17771 1.98943 0.187164
5.82405 1.99989 -0.198837
6.04402 2.05701 0.181665
6.10463 1.8526 0.0986459
6.08821 2.04964 -0.0367577
5.81022 2.03955 0.0708575
5.8728 1.92492 -0.179833
5.91846 2.00738 0.0564348
5.95111 2.18843 -0.0809108
6.05085 1.87529 -0.170735
5.91291 2.06785 0.143228
5.87633 1.94782 0.00211339
6.10372 2.17241 -0.00737135
5.82038 1.95394 -0.14146
5.92685 2.01943 -0.0709127
6.06677 1.91867 0.070026
6.1781 1.91973 -0.071236
5.85655 1.97743 -0.160921
5.93197 1.89733 0.0050416
5.91356 2.13329 0.171054
6.00497 1.91464 -0.101917
6.12157 1.89523 0.184222
5.81644 1.8161 -0.0762316
5.89557 2.13797 -0.0810146
6.1622 1.8674 0.0354816
6.04 1.82662 0.031083
6.01858 1.89401 -0.191014
6.00651 2.12606 0.146085
5.81242 2.01307 0.1136
5.93738 2.03382 0.180658
5.91568 1.9374 -0.101562
5.80719 2.00286 0.139684
6.12843 2.1404 -0.0689042
6.155 1.9008 -0.184243
5.96051 1.98937 0.0359935
6.03541 1.81174 0.0577489
5.80454 1.92193 0.024396
5.9008 2.00875 0.175046
6.06608 2.19079 0.0793419
5.95401 1.866 0.0672856
5.99781 1.89843 0.162925
5.84748 1.88463 0.131426
5.95045 1.99487 0.12578
6.05427 1.9848 -0.0636246
5.88537 1.83664 -0.0234633
6.01742 2.11655 0.166333
5.93442 1.86589 -0.172809
6.0446 2.1164 0.00995815
6.13856 1.99549 0.17399
6.19036 1.87974 0.111442
6.08382 2.14288 0.191844
5.83199 2.08746 -0.133761
5.95728 1.85388 0.0810868
6.10717 1.82556 0.10997
5.92158 1.82871 -0.128348
5.86446 2.03927 -0.00537387
6.03793 2.09512 0.0703654
6.01823 2.1402 -0.199558
6.14435 2.07953 0.0153994
6.19963 2.03313 0.00685742
5.90766 1.89643 -0.0414867
6.0801 2.04183 -0.00623088
6.00589 2.18722 0.171114
5.90469 1.80741 0.0494941
6.0344 1.90552 0.136434
6.07693 2.07956 -0.0677588
5.80751 1.87563 0.196516
5.98357 2.03727 -0.00534528
5.95257 1.80016 0.153761
5.89353 1.98663 0.0560757
5.95062 1.82822 0.0255323
6.17991 1.9273 -0.0807047
6.13621 1.83919 0.115894
5.85907 1.88607 0.0339274
6.14984 2.10685 0.106056
5.87309 2.04067 0.0304152
5.97713 2.01678 -0.0748596
6.15162 2.18027 0.143003
5.90557 1.83733 0.115252
5.86805 2.07618 0.121152
6.02827 2.03967 0.0650718
5.93525 1.8941 0.0987812
6.12533 1.80966 0.1066
6.19783 2.16641 0.173552
6.12593 2.00593 -0.189254
6.03275 1.83501 0.0480762
6.11995 2.14705 -0.125735
6.13554 2.09225 -0.196814
5.94144 2.19874 0.129918
5.8059 2.19489 -0.0548761
6.18243 1.9056 0.0839763
5.80941 2.17664 -0.0819387
5.94431 1.80407 0.0246157
5.83208 1.90701 0.180911
6.13493 1.96768 -0.0103783
5.87002 2.07274 0.0430936
5.89414 2.03199 -0.174381
6.1451 2.13701 -0.155137
5.8195 2.15742 0.101566
6.03896 2.07219 0.0263059
5.98234 1.82047 0.174467
6.17784 1.89113 -0.12793
6.13402 1.88936 -0.184258
5.85713 2.02697 0.109847
6.09109 1.98089 0.184699
-0.126419 4.15211 0.198235
-0.0631103 3.96241 0.0334449
-0.139297 3.91901 -0.195885
0.0796848 4.05592 -0.0244723
-0.0419106 4.0488 0.0217501
-0.0269076 4.08653 -0.0625013
-0.0672531 3.93059 -0.0601162
-0.0997433 4.12094 0.145385
-0.0731631 3.82294 -0.0835923
0.0365129 3.96014 0.155099
-0.169237 4.08867 -0.198643
0.0701706 4.19145 -0.187268
-0.14327 4.13555 0.0253332
0.0450838 4.02476 -0.0370521
0.162177 3.96989 0.0269272
-0.151089 3.97307 0.0679088
-0.117838 4.10254 -0.0972478
-0.0179202 4.16054 -0.170555
-0.124998 4.11374 -0.189369
0.107027 4.15198 -0.0777611
-0.102183 4.19178 -0.178175
0.0560565 3.80282 -0.0635884
-0.0243979 4.11571 -0.0694888
0.0921188 4.12601 0.0475344
0.152352 3.93927 0.0658738
0.0674789 3.95599 -0.0140047
0.0940572 4.01386 0.0647241
-0.0861322 4.19339 0.125841
0.184894 4.15641 -0.175401
-0.145247 4.0473 0.191098
-0.0491947 4.13733 0.0111345
-0.116545 4.06541 0.056044
0.139212 3.81212 0.070442
0.0165821 4.01809 -0.15383
-0.00740588 3.84888 -0.199547
-0.065309 3.83061 0.195376
0.114287 3.9584 -0.133069
-0.0201658 4.17336 -0.00953659
-0.17765 3.95663 0.149894
0.0500582 4.1756 0.174857
-0.0539376 4.06932 0.0592426
0.163547 4.11589 0.117034
-0.0437517 3.83076 0.00661138
0.0884297 3.87738 -0.189162
0.00814652 3.81075 -0.0715359
0.0385692 3.87497 0.147728
-0.106468 3.98762 -0.184665
-0.00889969 3.9765 0.0174063
0.075102 3.8059 -0.0618575
-0.086946 3.87884 0.0501335
-0.0733417 3.89847 0.00705862
0.0539393 4.17638 -0.139679
0.0983274 4.19104 0.172602
-0.123 3.852 0.173791
-0.0760904 3.94763 -0.0800969
-0.191985 4.08843 0.0466692
0.0355578 3.82277 -0.148951
-0.155424 3.90332 0.043377
0.0988827 4.15917 0.158973
0.142247 4.03104 -0.00473739
-0.17739 3.90461 0.173405
0.18142 3.98094 -0.0520843
0.0406522 4.06105 -0.176429
0.189362 3.90187 0.0701605
-0.178548 3.92388 0.0716811
0.0120222 4.18429 -0.0251989
0.0827158 3.80043 -0.0791635
-0.11275 3.95274 -0.110937
0.00371055 3.8946 0.0466572
0.0646271 3.89009 0.15929
0.165379 4.17843 0.188163
0.00475688 4.10694 0.118287
-0.000694409 3.99789 0.1786
0.158961 3.83867 0.139289
-0.115762 4.12731 0.0295474
0.0531364 4.03947 0.0646276
0.000273183 3.91476 -0.128337
-0.182731 3.84507 0.0181409
0.186929 3.8155 0.18575
-0.0942952 4.03051 -0.153033
0.174678 4.11585 0.0202626
-0.00433299 4.09806 -0.00814928
0.166596 4.1361 0.00328998
0.0136494 4.01094 0.0817337
-0.185126 3.87569 -0.13633
-0.185563 4.12973 -0.170445
-0.123517 3.94413 -0.144043
-0.157971 3.93542 -0.112356
0.0780332 3.95928 -0.189652
0.0373808 4.12214 -0.0460385
-0.0213952 3.80937 0.198689
0.172438 3.96594 0.0835789
0.00709181 4.12432 -0.0665643
-0.0631114 3.95332 0.0859179
-0.0497617 3.98678 0.121533
0.0718294 4.05047 0.1924
0.0704312 4.16502 0.105106
0.137269 4.02421 -0.120439
-0.00173745 4.07365 -0.148098
-0.0309578 4.04655 0.125023
-0.00500545 4.19103 0.102126
0.127056 4.02339 0.114044
-0.11725 3.9366 -0.0338709
0.0261475 4.0894 0.163508
0.087101 3.89807 0.0556356
-0.115779 3.96194 -0.043768
-0.0395273 4.0845 -0.160668
0.0861164 3.94902 0.112086
0.0934688 4.08673 0.143125
-0.0473047 4.14877 0.107598
0.074905 3.88879 -0.112767
0.0105732 4.1447 0.131198
-0.0228107 3.93346 -0.185092
-0.145049 4.16946 -0.193378
-0.0864969 3.88982 -0.0545972
0.0020154 4.08921 0.0792222
-0.0699439 4.14295 0.0892033
0.0609416 3.83715 0.161169
0.111416 3.8036 0.146025
0.129962 4.05393 0.0530945
-0.190235 4.10568 0.0783141
0.154812 3.92336 0.15385
0.192592 3.95104 -0.182492
-0.0710285 4.19717 -0.162543
-0.0852955 4.1176 0.0746568
0.120981 4.05873 0.0295847
0.196115 3.90964 -0.194644
-0.0617729 4.05752 -0.00334264
0.189782 4.19919 -0.00265421
0.0734187 3.95515 -0.0795154
0.0854061 4.17355 -0.182095
0.107508 3.85017 0.0419078
-0.138554 3.88775 0.00463668
-0.104243 3.80948 -0.144483
0.119823 4.19344 0.0519176
0.0607878 4.02383 0.1783
0.0814187 3.82784 0.102916
-0.181244 3.99025 -0.0607099
-0.175204 4.18708 0.082952
0.134185 4.03101 -0.142421
0.0198902 4.12736 0.0672565
-0.110673 4.04896 -0.16641
-0.0830659 3.80611 0.187092
0.0866769 4.16552 -0.0318056
0.129519 3.90048 -0.192772
0.0704811 4.09825 0.0828883
-0.17001 4.18393 -0.0154224
-0.153543 3.9577 0.133163
-0.00601175 4.16122 0.00276878
-0.0893631 4.18642 0.0215549
0.057263 4.05157 0.00824726
-0.13616 4.06283 -0.0196606
0.0786286 4.10768 -0.169
-0.0449987 3.899 -0.150287
0.143357 3.86297 -0.0960537
-0.0993593 4.18155 0.115201
0.0238335 4.15768 -0.124367
0.0505597 4.11673 0.0903649
-0.181452 4.16164 -0.133145
0.194967 3.82119 -0.0454432
-0.144404 4.0489 0.17539
-0.0970835 4.06759 -0.08593
0.0483713 4.14602 0.187648
-0.0109098 4.12988 -0.154906
-0.0813449 4.16674 -0.103441
-0.173749 4.16936 0.0630134
-0.145749 4.11846 -0.166838
0.0861752 3.86891 0.0763683
-0.160581 4.11628 -0.139738
-0.164645 4.01176 0.0545145
-0.125767 4.00064 -0.0072768
-0.0489263 4.18605 -0.135704
0.157358 3.92777 -0.0860322
-0.158559 3.83574 0.110664
0.150117 3.82908 -0.181469
-0.0264364 3.8435 0.146283
0.190692 3.80992 0.146554
0.156246 4.06403 -0.179797
-0.10878 4.13852 -0.163127
-0.0534247 4.04507 -0.0848249
-0.123293 3.88735 -0.102074
0.049656 3.82649 0.113163
0.0988582 4.01412 0.111397
-0.0901135 3.96417 -0.132668
0.0966985 4.0582 -0.143861
0.0296861 4.06832 0.0696523
0.0919196 3.81631 -0.13263
-0.192196 4.08816 0.0352454
-0.184022 4.17364 -0.133234
-0.156957 4.01306 0.15564
0.162296 3.8756 0.0689967
0.097485 3.9054 -0.194056
-0.145643 4.19055 -0.0847684
0.146835 3.84595 -0.0870629
-0.109741 3.83315 0.0818932
-0.0263307 4.08644 -0.0571679
-0.108199 3.89554 0.108172
0.0235849 3.96736 0.106008
0.09299 3.92437 -0.0481953
0.111635 4.0474 0.0970186
0.0517422 3.93062 -0.130297
-0.163206 3.99948 0.159012
-0.0745025 4.01864 0.0132251
-0.0193097 4.13818 0.0517002
-0.102199 3.89804 -0.183756
-0.0612764 3.89233 -0.094102
-0.0216604 3.82593 -0.142975
0.166921 4.11828 0.120782
-0.127637 4.04828 -0.0386902
-0.0286089 4.00649 0.0742119
0.0575489 3.81158 -0.097555
-0.00503789 4.06255 -0.0977882
-0.199651 4.0983 -0.0849834
0.106294 4.17582 0.0314715
-0.142089 3.98649 0.10852
0.0458591 4.04659 0.113779
-0.133343 4.14121 0.0472756
0.0346504 3.93783 0.0246824
-0.194029 4.03188 0.192752
0.0972349 3.8615 -0.078931
-0.105009 4.07191 -0.136368
0.163357 3.87952 0.0763804
-0.102372 3.92424 0.192448
0.0261122 3.82008 0.122872
-0.0210228 4.17191 -0.179252
-0.165607 4.07981 -0.0490807
0.00353973 4.04332 -0.131326
0.039486 3.99371 -0.186441
0.118553 4.14878 -0.0926437
0.0845852 3.94179 -0.0780083
-0.169035 3.88533 0.0828745
-0.0963935 4.04755 -0.102938
0.105977 4.04374 -0.129683
0.0174286 3.80068 -0.147228
-0.13761 4.1912 0.0215171
-0.119649 4.15805 0.0123163
0.012551 4.09449 -0.122797
-0.0197977 3.89023 -0.101474
0.165887 3.94816 -0.187695
0.120177 4.19558 -0.131399
-0.169888 3.93459 0.14742
0.0741152 4.08287 -0.192358
-0.125011 3.93627 -0.133765
0.0698823 3.84498 -0.0632728
-0.0641266 4.19967 0.0471638
0.0924644 3.95799 0.0294604
-0.197711 4.07119 0.0865284
0.0363102 4.05183 -0.179302
-0.190632 4.19193 -0.115535
0.0747902 3.98363 -0.0976102
-0.195912 4.13613 -0.158383
-0.0799595 3.80621 -0.198027
-0.0815046 3.84447 -0.0888554
0.100493 3.83009 -0.170438
-0.117251 4.16333 0.186445
0.0119812 4.18015 -0.1643
2.90775 3.09778 -0.0659806
2.93079 2.94961 -0.181867
3.14593 3.14962 -0.161012
3.08195 2.87034 -0.0883345
3.09855 3.09954 -0.0603928
3.12231 2.97741 -0.0322571
2.90344 3.01161 0.172134
3.19802 2.83148 0.153052
2.85961 2.83057 -0.0225979
2.94983 2.88993 -0.0548878
3.08141 2.91092 -0.0893489
2.95411 3.18285 0.0247605
2.97589 3.16947 0.188084
3.11281 3.13214 -0.0872684
2.98362 2.83848 0.0185157
2.8237 2.98368 -0.00261143
2.94969 3.09723 -0.0138977
3.09668 3.10448 -0.131965
2.88007 2.80732 -0.161839
2.95686 3.12178 -0.108713
2.99089 2.94889 0.00830087
3.0398 2.82695 0.00219718
2.87708 3.11161 -0.0852031
3.18849 3.01859 -0.0239834
3.02074 3.03749 -0.198747
2.80611 2.87232 0.125166
2.93113 3.04044 0.172926
3.17687 3.16755 0.146706
2.87564 3.08726 0.0291769
2.87056 2.86724 -0.0663738
3.13482 3.13227 0.0217192
2.96055 3.10576 0.153933
2.9125 3.15132 -0.192489
2.93486 2.99331 0.182249
2.97675 2.81796 0.142428
3.05344 2.94982 0.111825
3.18621 3.19341 0.0720168
3.07115 3.05021 -0.179247
2.85846 3.12821 -0.128113
3.14886 2.98102 -0.0414558
3.16479 2.85051 0.183766
2.83142 2.97579 -0.0700469
2.80469 3.14299 0.00210838
2.85053 2.97849 0.0523726
2.89347 2.91339 0.0288632
2.85306 3.14559 -0.0200903
3.16368 2.82162 -0.189757
2.82541 2.9096 0.178175
3.13737 2.85535 -0.190324
3.04235 2.87078 0.163806
2.81394 3.03369 -0.161171
2.88315 3.03775 0.0671771
3.12386 2.81096 -0.113537
3.13917 2.8619 -0.0999579
2.99871 3.15685 -0.117435
3.15562 3.1434 0.0903157
2.98627 3.15018 0.0164239
3.19926 3.11135 0.0652151
2.97409 2.86159 -0.179511
3.02821 3.05244 -0.048071
3.10718 3.07389 -0.00406224
3.17794 2.85466 0.14133
2.99148 2.93214 0.119057
2.94323 2.92432 0.17731
2.90869 3.05898 0.0168059
3.05661 2.98059 -0.118481
3.04804 3.13453 -0.10759
2.94949 3.17332 0.0293566
3.14094 3.00442 -0.00249095
2.91849 2.84414 -0.0579842
3.00454 2.84232 -0.0910223
2.9229 3.12658 0.195151
2.92251 3.15965 -0.183992
3.0939 3.09616 0.124847
3.06218 2.84217 -0.116214
2.92503 2.90623 -0.0156523
2.83033 3.17158 0.136345
2.96646 3.08696 -0.0170888
2.87993 3.04007 0.10879
3.05492 3.18737 0.125073
3.00024 3.02767 0.182864
3.15185 2.98075 0.147223
3.01761 3.09468 0.0359348
3.16447 3.06137 0.111137
3.05938 3.0453 0.131237
3.16987 2.8535 0.116897
2.9349 3.01355 -0.114051
2.8954 3.09067 0.0925711
3.05396 2.91602 0.165003
2.98727 3.14514 0.193756
3.14559 3.11461 -0.190546
2.92622 3.08603 0.126658
3.17939 3.0217 0.173758
2.80894 3.02554 0.00376625
2.96438 2.96143 0.194514
3.06059 3.10167 -0.172785
3.13497 2.92517 -0.198256
2.95053 3.08604 -0.0187955
3.0064 3.02105 -0.177184
3.18056 2.83646 -0.170696
3.04852 3.18164 -0.0682779
2.97523 2.96396 0.0384908
3.16059 3.09647 -0.0826872
2.81932 2.96913 -0.090437
3.08985 2.99723 -0.0936503
2.82332 3.12653 0.153248
2.89262 3.0973 0.15388
3.09907 3.19162 0.0380947
2.85567 2.9317 0.0288608
2.91817 3.12124 0.0781021
3.05509 2.8832 -0.0810021
3.08853 2.9062 0.0321342
3.05558 3.17008 -0.0338734
3.17221 2.85397 -0.144856
3.07024 3.15396 -0.0826261
2.97935 3.07826 0.142281
3.06961 2.87352 -0.13281
2.88867 3.00841 0.0386547
3.15438 2.91105 -0.00727655
2.85139 3.08219 -0.161849
2.97211 3.14805 0.1728
3.0206 3.1061 0.10045
2.80925 2.93763 0.135114
3.14808 3.13606 -0.18101
2.81754 3.10164 0.0661522
2.82007 3.05129 0.0192576
3.04921 3.06024 -0.0189932
2.86124 3.12304 0.0537003
3.1225 2.99221 0.0468501
3.06893 2.90052 0.131829
3.0401 3.04005 0.185516
3.10905 3.00515 -0.194209
2.86406 3.18521 -0.176219
3.11477 2.87329 -0.0536412
3.13901 3.09809 -0.0462105
2.80124 3.11767 0.142504
2.95574 2.90911 0.184253
2.81757 2.89195 0.116784
2.95717 2.91437 0.14156
3.12422 2.91588 -0.114516
2.80164 2.85419 -0.0207161
2.92698 3.08272 0.0822162
3.09557 2.88531 -0.181235
2.98203 2.9295 -0.0505453
2.91083 3.08352 0.0203639
2.90738 2.9716 -0.0734055
3.06497 2.81457 -0.126509
2.9611 3.00234 0.024818
2.91103 2.81831 0.137716
2.83477 2.94563 0.0665137
3.18738 2.85575 -0.179243
2.97746 3.01278 -0.0488085
2.92715 2.9475 0.0129841
2.94318 2.99646 -0.0663961
2.88683 3.06662 -0.0129074
2.9344 2.95296 0.15681
3.04986 3.17875 0.0318804
2.95198 3.09539 -0.16205
3.19341 3.09348 0.0508147
3.08844 3.18806 -0.0156776
2.89198 2.86512 -0.0624591
2.81256 2.91113 0.103028
2.8383 2.88769 -0.195503
3.0844 3.00296 -0.108989
2.89962 3.00715 0.142417
3.0455 3.072 0.0169697
3.0121 2.9584 0.0398244
2.87395 3.06265 -0.0980968
2.84143 3.16447 0.0165303
3.01589 3.15664 -0.144965
3.15257 3.17393 0.0291418
2.97197 3.14708 -0.0953354
3.11331 3.17399 -0.181821
3.07916 3.03691 -0.0338562
2.82599 3.1434 0.0901783
2.94223 2.97305 0.0287204
2.91428 3.13098 0.193175
2.89941 2.803 -0.165103
3.13628 2.9647 0.0882241
3.03429 3.09327 0.0590186
2.92974 3.09048 0.199642
2.9814 3.02913 0.077385
2.8396 2.96336 0.148747
2.85777 2.98432 0.0294748
3.00457 3.03128 0.0791956
3.03302 3.19501 0.00231361
2.93179 2.95722 -0.189546
3.16928 3.02607 0.139126
2.93264 3.09808 0.0717096
2.83696 2.94345 -0.154379
2.81871 2.86993 0.00483334
3.1534 3.0413 -0.0246553
2.92359 3.14612 0.0596881
2.91169 3.05741 -0.104011
2.88483 3.15859 -0.192433
3.04522 3.16363 0.0348717
3.17986 3.14606 -0.0697103
2.8441 2.96973 0.128783
3.1391 2.85823 -0.106883
3.00773 2.87235 -0.158671
3.07148 2.95313 -0.0411889
2.956 2.93333 0.165192
3.16839 2.98795 -0.111168
2.85723 3.02314 -0.172747
3.09437 3.13203 -0.00263771
2.946 2.9548 -0.165422
3.03635 3.18919 0.161683
2.82902 3.11565 0.158442
2.84594 2.82423 -0.00432713
2.93195 3.10727 -0.121034
2.92617 3.05105 -0.111826
3.10742 3.01517 -0.055568
2.84796 3.14169 0.112396
2.99556 3.13679 -0.155547
2.94 3.13672 0.0878273
2.92766 3.14514 -0.122625
3.15977 2.962 -0.121449
3.14696 3.05171 0.120164
2.90592 3.15753 0.170384
2.99821 3.01494 0.066795
3.16538 2.97879 0.0684327
2.91616 2.99993 0.0388778
3.07956 2.82276 -0.0995573
3.14013 3.02846 -0.0515965
2.89248 2.83134 -0.0490364
3.05208 3.02581 -0.00298214
2.81426 2.87178 0.0291219
2.9826 2.8254 0.0496993
3.03124 3.07212 0.17941
3.10036 3.0968 0.158465
3.15546 2.90828 0.105237
2.96212 2.89988 -0.0880919
3.02738 2.91725 0.195625
3.09685 3.00357 -0.0559733
3.15184 2.87279 0.00329582
3.1729 3.02409 0.0278634
2.8685 2.90047 -0.182106
3.19607 2.88164 0.0866554
3.16279 2.99212 -0.0477061
3.11899 3.10787 -0.0797045
2.80548 3.01566 0.145181
2.95966 3.00181 0.13855
3.17829 2.86044 0.116821
2.87108 3.13479 -0.168526
2.82398 2.91741 0.162502
2.91132 2.93088 -0.0539714
2.8117 3.19721 -0.0196868
2.92706 2.8005 -0.135117
3.15868 3.11846 0.0139798
2.82833 2.87322 0.165292
3.08079 3.1229 0.168426
3.06924 3.01966 0.138137
3.16911 2.88297 0.199758
2.89592 2.93854 0.188289
3.05204 2.89481 -0.178348
2.8689 3.07506 0.103097
# Faces
